grid degree lamb width ; KAN_time ; KAN_acc ; current_best_mlp ; MLP_time ; layers neurons
3 2 0 [30, 22, 2] ; 16521380 ; 0.9767441749572754 ; 0.9534883720930233 ; 595351 ;  7   34
3 2 0 [30, 24, 2] ; 7769096 ; 0.9767441749572754 ; 0.9534883720930233 ; 1390079 ;  11   29
3 2 0 [30, 26, 2] ; 9972668 ; 0.9767441749572754 ; 0.9418604651162791 ; 575720 ;  2   66
3 2 0 [30, 28, 2] ; 9903415 ; 0.9883720874786377 ; 0.9418604651162791 ; 793243 ;  4   50
3 2 0 [30, 30, 2] ; 9852548 ; 1.0 ; 0.9534883720930233 ; 587838 ;  2   71
3 2 0 [30, 32, 2] ; 11113581 ; 0.9767441749572754 ; 0.9418604651162791 ; 563433 ;  2   74
3 2 0 [30, 34, 2] ; 11751974 ; 0.9767441749572754 ; 0.9534883720930233 ; 2912711 ;  10   36
3 2 0 [30, 36, 2] ; 22827057 ; 0.9883720874786377 ; 0.9418604651162791 ; 742697 ;  2   79
3 2 0 [30, 38, 2] ; 10933243 ; 0.9883720874786377 ; 0.9534883720930233 ; 9370808 ;  3   67
3 2 0 [30, 40, 2] ; 11869823 ; 0.9767441749572754 ; 0.9651162790697675 ; 11304259 ;  5   55
3 2 0 [30, 42, 2] ; 17847546 ; 1.0 ; 0.9534883720930233 ; 9759033 ;  7   48
3 2 0 [30, 44, 2] ; 17964922 ; 0.9767441749572754 ; 0.9418604651162791 ; 7457702 ;  2   88
3 2 0 [30, 46, 2] ; 16020161 ; 0.9767441749572754 ; 0.9534883720930233 ; 7969857 ;  9   44
3 2 0 [30, 48, 2] ; 12431848 ; 0.9767441749572754 ; 0.9534883720930233 ; 13999272 ;  3   76
3 2 0 [30, 50, 2] ; 18152369 ; 0.9883720874786377 ; 0.9418604651162791 ; 9134047 ;  2   94
3 2 0 [30, 52, 2] ; 21974135 ; 0.9883720874786377 ; 0.9534883720930233 ; 11866000 ;  8   50
3 2 0 [30, 54, 2] ; 16782967 ; 0.9883720874786377 ; 0.9534883720930233 ; 8660548 ;  2   98
3 2 0 [30, 56, 2] ; 13935495 ; 0.9883720874786377 ; 0.9418604651162791 ; 15495837 ;  3   83
3 2 0 [30, 58, 2] ; 14902849 ; 0.9883720874786377 ; 0.9418604651162791 ; 8750924 ;  2   102
3 2 0 [30, 60, 2] ; 16141248 ; 0.9767441749572754 ; 0.9418604651162791 ; 9492310 ;  2   104
3 2 0 [30, 62, 2] ; 25477308 ; 0.9767441749572754 ; 0.9651162790697675 ; 8303619 ;  2   106
3 2 0 [30, 30, 30, 2] ; 22313482 ; 0.9418604373931885 ; 0.9418604651162791 ; 6798716 ;  2   102
3 2 0 [30, 30, 32, 2] ; 23813028 ; 0.9651162624359131 ; 0.9418604651162791 ; 10220594 ;  8   54
3 2 0 [30, 30, 34, 2] ; 41155656 ; 0.9651162624359131 ; 0.9534883720930233 ; 17711610 ;  3   88
3 2 0 [30, 30, 36, 2] ; 21727463 ; 0.9418604373931885 ; 0.9534883720930233 ; 15097310 ;  3   89
3 2 0 [30, 30, 38, 2] ; 39669980 ; 0.9767441749572754 ; 0.9418604651162791 ; 6602924 ;  4   79
3 2 0 [30, 30, 40, 2] ; 23974184 ; 0.9767441749572754 ; 0.9534883720930233 ; 10279792 ;  9   54
3 2 0 [30, 30, 42, 2] ; 48353411 ; 0.9883720874786377 ; 0.9651162790697675 ; 14007016 ;  3   93
3 2 0 [30, 30, 44, 2] ; 36723824 ; 0.9651162624359131 ; 0.9534883720930233 ; 11179791 ;  5   74
3 2 0 [30, 30, 46, 2] ; 26145795 ; 0.9767441749572754 ; 0.9418604651162791 ; 5069636 ;  8   60
3 2 0 [30, 30, 48, 2] ; 40179336 ; 0.9534883499145508 ; 0.9534883720930233 ; 24201302 ;  10   55
3 2 0 [30, 30, 50, 2] ; 25008113 ; 0.9418604373931885 ; 0.9418604651162791 ; 14290898 ;  3   99
3 2 0 [30, 30, 52, 2] ; 29676997 ; 0.9651162624359131 ; 0.9534883720930233 ; 9470913 ;  2   121
3 2 0 [30, 30, 54, 2] ; 31025137 ; 0.9651162624359131 ; 0.9534883720930233 ; 7617849 ;  6   73
3 2 0 [30, 30, 56, 2] ; 29589538 ; 0.9767441749572754 ; 0.9534883720930233 ; 8396010 ;  4   90
3 2 0 [30, 30, 58, 2] ; 30046337 ; 0.9767441749572754 ; 0.9418604651162791 ; 19965847 ;  3   104
3 2 0 [30, 30, 60, 2] ; 38478829 ; 1.0 ; 0.9418604651162791 ; 17793075 ;  3   105
3 2 0 [30, 32, 30, 2] ; 30344262 ; 0.9651162624359131 ; 0.9418604651162791 ; 8394688 ;  2   106
3 2 0 [30, 32, 32, 2] ; 25386774 ; 0.9767441749572754 ; 0.9534883720930233 ; 7072156 ;  2   108
3 2 0 [30, 32, 34, 2] ; 26735774 ; 0.9651162624359131 ; 0.9534883720930233 ; 9279935 ;  7   60
3 2 0 [30, 32, 36, 2] ; 34953997 ; 0.9883720874786377 ; 0.9418604651162791 ; 6544243 ;  2   111
3 2 0 [30, 32, 38, 2] ; 41049210 ; 0.9767441749572754 ; 0.9418604651162791 ; 10510119 ;  2   113
3 2 0 [30, 32, 40, 2] ; 46861297 ; 0.9534883499145508 ; 0.9534883720930233 ; 12571108 ;  10   53
3 2 0 [30, 32, 42, 2] ; 26786785 ; 0.9651162624359131 ; 0.9651162790697675 ; 6210031 ;  2   117
3 2 0 [30, 32, 44, 2] ; 23342611 ; 0.9767441749572754 ; 0.9418604651162791 ; 10414227 ;  4   85
3 2 0 [30, 32, 46, 2] ; 27801121 ; 0.9651162624359131 ; 0.9418604651162791 ; 15990297 ;  3   99
3 2 0 [30, 32, 48, 2] ; 28754664 ; 0.9767441749572754 ; 0.9534883720930233 ; 9825171 ;  2   122
3 2 0 [30, 32, 50, 2] ; 46160908 ; 0.9534883499145508 ; 0.9534883720930233 ; 10271101 ;  3   102
3 2 0 [30, 32, 52, 2] ; 33139573 ; 0.9651162624359131 ; 0.9418604651162791 ; 8408163 ;  2   125
3 2 0 [30, 32, 54, 2] ; 25876062 ; 0.9534883499145508 ; 0.9534883720930233 ; 10540658 ;  10   59
3 2 0 [30, 32, 56, 2] ; 27992998 ; 0.9651162624359131 ; 0.9534883720930233 ; 9949635 ;  2   129
3 2 0 [30, 32, 58, 2] ; 54126063 ; 1.0 ; 0.9418604651162791 ; 13642115 ;  3   108
3 2 0 [30, 32, 60, 2] ; 38557239 ; 0.9767441749572754 ; 0.9418604651162791 ; 9240035 ;  2   132
3 2 0 [30, 34, 30, 2] ; 24144961 ; 0.9767441749572754 ; 0.9418604651162791 ; 14676531 ;  3   90
3 2 0 [30, 34, 32, 2] ; 52876677 ; 0.9534883499145508 ; 0.9534883720930233 ; 7382928 ;  7   61
3 2 0 [30, 34, 34, 2] ; 36735403 ; 0.9883720874786377 ; 0.9418604651162791 ; 9710975 ;  6   67
3 2 0 [30, 34, 36, 2] ; 34366222 ; 0.9767441749572754 ; 0.9418604651162791 ; 15516237 ;  3   95
3 2 0 [30, 34, 38, 2] ; 31902770 ; 0.9767441749572754 ; 0.9534883720930233 ; 9104322 ;  5   76
3 2 0 [30, 34, 40, 2] ; 38063117 ; 0.9418604373931885 ; 0.9418604651162791 ; 9325022 ;  2   119
3 2 0 [30, 34, 42, 2] ; 30137994 ; 0.9534883499145508 ; 0.9534883720930233 ; 8118943 ;  4   87
3 2 0 [30, 34, 44, 2] ; 32837087 ; 0.9883720874786377 ; 0.9302325581395349 ; 6328067 ;  2   122
3 2 0 [30, 34, 46, 2] ; 33950486 ; 0.9767441749572754 ; 0.9418604651162791 ; 17728709 ;  3   102
3 2 0 [30, 34, 48, 2] ; 36347176 ; 0.9767441749572754 ; 0.9418604651162791 ; 7671502 ;  4   91
3 2 0 [30, 34, 50, 2] ; 54436751 ; 1.0 ; 0.9418604651162791 ; 17126313 ;  9   62
3 2 0 [30, 34, 52, 2] ; 52013832 ; 0.9883720874786377 ; 0.9534883720930233 ; 18060514 ;  3   107
3 2 0 [30, 34, 54, 2] ; 45610230 ; 0.9767441749572754 ; 0.9534883720930233 ; 15875893 ;  3   108
3 2 0 [30, 34, 56, 2] ; 54152547 ; 0.9767441749572754 ; 0.9418604651162791 ; 14836883 ;  2   133
3 2 0 [30, 34, 58, 2] ; 39125946 ; 0.9883720874786377 ; 0.9651162790697675 ; 18040613 ;  3   111
3 2 0 [30, 34, 60, 2] ; 40268192 ; 0.9883720874786377 ; 0.9651162790697675 ; 8000223 ;  4   98
3 2 0 [30, 36, 30, 2] ; 27599492 ; 0.9534883499145508 ; 0.9534883720930233 ; 9731481 ;  8   58
3 2 0 [30, 36, 32, 2] ; 24935366 ; 0.9767441749572754 ; 0.9534883720930233 ; 15379031 ;  3   95
3 2 0 [30, 36, 34, 2] ; 44346007 ; 0.9767441749572754 ; 0.9534883720930233 ; 9496975 ;  4   84
3 2 0 [30, 36, 36, 2] ; 30837451 ; 0.9767441749572754 ; 0.9651162790697675 ; 19734756 ;  9   58
3 2 0 [30, 36, 38, 2] ; 41905331 ; 0.9767441749572754 ; 0.9651162790697675 ; 19465463 ;  3   99
3 2 0 [30, 36, 40, 2] ; 25570873 ; 0.9534883499145508 ; 0.9418604651162791 ; 8279897 ;  5   79
3 2 0 [30, 36, 42, 2] ; 60055290 ; 1.0 ; 0.9534883720930233 ; 7894934 ;  2   124
3 2 0 [30, 36, 44, 2] ; 40344163 ; 0.9651162624359131 ; 0.9418604651162791 ; 7237354 ;  2   126
3 2 0 [30, 36, 46, 2] ; 54692451 ; 0.9651162624359131 ; 0.9418604651162791 ; 15655048 ;  9   62
3 2 0 [30, 36, 48, 2] ; 47083506 ; 0.9651162624359131 ; 0.9418604651162791 ; 18625597 ;  3   107
3 2 0 [30, 36, 50, 2] ; 46011732 ; 0.9767441749572754 ; 0.9651162790697675 ; 27934996 ;  4   95
3 2 0 [30, 36, 52, 2] ; 29500378 ; 0.9418604373931885 ; 0.9651162790697675 ; 15140587 ;  3   110
3 2 0 [30, 36, 54, 2] ; 33844999 ; 0.9767441749572754 ; 0.9418604651162791 ; 6383636 ;  2   135
3 2 0 [30, 36, 56, 2] ; 62737937 ; 0.9883720874786377 ; 0.9418604651162791 ; 15582936 ;  3   113
3 2 0 [30, 36, 58, 2] ; 37739001 ; 0.9767441749572754 ; 0.9534883720930233 ; 25065382 ;  4   99
3 2 0 [30, 36, 60, 2] ; 39014772 ; 0.9883720874786377 ; 0.9418604651162791 ; 8244119 ;  4   101
3 2 0 [30, 38, 30, 2] ; 37042731 ; 0.9883720874786377 ; 0.9418604651162791 ; 10045085 ;  6   69
3 2 0 [30, 38, 32, 2] ; 44178662 ; 0.9883720874786377 ; 0.9534883720930233 ; 7301389 ;  9   57
3 2 0 [30, 38, 34, 2] ; 48748242 ; 0.9883720874786377 ; 0.9418604651162791 ; 25399824 ;  4   86
3 2 0 [30, 38, 36, 2] ; 41532245 ; 0.9767441749572754 ; 0.9418604651162791 ; 10589882 ;  6   72
3 2 0 [30, 38, 38, 2] ; 40677706 ; 0.9883720874786377 ; 0.9418604651162791 ; 8136220 ;  2   124
3 2 0 [30, 38, 40, 2] ; 50449186 ; 0.9883720874786377 ; 0.9534883720930233 ; 5489316 ;  2   126
3 2 0 [30, 38, 42, 2] ; 50589115 ; 0.9767441749572754 ; 0.9651162790697675 ; 10724157 ;  5   83
3 2 0 [30, 38, 44, 2] ; 40491523 ; 0.9883720874786377 ; 0.9418604651162791 ; 7100534 ;  2   129
3 2 0 [30, 38, 46, 2] ; 23878012 ; 0.9883720874786377 ; 0.9651162790697675 ; 11301262 ;  6   78
3 2 0 [30, 38, 48, 2] ; 29228679 ; 0.9767441749572754 ; 0.9651162790697675 ; 15909138 ;  3   110
3 2 0 [30, 38, 50, 2] ; 62390326 ; 0.9651162624359131 ; 0.9418604651162791 ; 10614819 ;  4   97
3 2 0 [30, 38, 52, 2] ; 37691157 ; 0.9767441749572754 ; 0.9418604651162791 ; 5551912 ;  2   137
3 2 0 [30, 38, 54, 2] ; 61206644 ; 1.0 ; 0.9534883720930233 ; 7262783 ;  2   139
3 2 0 [30, 38, 56, 2] ; 44982274 ; 0.9883720874786377 ; 0.9534883720930233 ; 9952492 ;  2   140
3 2 0 [30, 38, 58, 2] ; 73261940 ; 0.9883720874786377 ; 0.9534883720930233 ; 12566440 ;  5   92
3 2 0 [30, 38, 60, 2] ; 46061205 ; 0.9767441749572754 ; 0.9418604651162791 ; 8491174 ;  2   144
3 3 0 [30, 22, 2] ; 9421217 ; 1.0 ; 0.9534883720930233 ; 1321822 ;  3   56
3 3 0 [30, 24, 2] ; 12309340 ; 1.0 ; 0.9534883720930233 ; 649454 ;  2   71
3 3 0 [30, 26, 2] ; 9181742 ; 1.0 ; 0.9418604651162791 ; 6523495 ;  8   39
3 3 0 [30, 28, 2] ; 9374363 ; 0.9883720874786377 ; 0.9418604651162791 ; 7497219 ;  3   64
3 3 0 [30, 30, 2] ; 12927138 ; 1.0 ; 0.9418604651162791 ; 9828049 ;  6   48
3 3 0 [30, 32, 2] ; 11225721 ; 1.0 ; 0.9418604651162791 ; 803987 ;  2   83
3 3 0 [30, 34, 2] ; 12900711 ; 0.9883720874786377 ; 0.9418604651162791 ; 5100073 ;  4   62
3 3 0 [30, 36, 2] ; 14646712 ; 1.0 ; 0.9418604651162791 ; 8334002 ;  2   88
3 3 0 [30, 38, 2] ; 12624183 ; 1.0 ; 0.9418604651162791 ; 8584788 ;  2   91
3 3 0 [30, 40, 2] ; 13019958 ; 1.0 ; 0.9534883720930233 ; 7063110 ;  2   93
3 3 0 [30, 42, 2] ; 13535573 ; 1.0 ; 0.9534883720930233 ; 9954202 ;  4   69
3 3 0 [30, 44, 2] ; 15527794 ; 0.9883720874786377 ; 0.9534883720930233 ; 8366302 ;  10   46
3 3 0 [30, 46, 2] ; 14456762 ; 1.0 ; 0.9418604651162791 ; 6442136 ;  2   101
3 3 0 [30, 48, 2] ; 13276222 ; 1.0 ; 0.9534883720930233 ; 6972652 ;  7   57
3 3 0 [30, 50, 2] ; 13615240 ; 1.0 ; 0.9418604651162791 ; 13037657 ;  10   49
3 3 0 [30, 52, 2] ; 15782575 ; 1.0 ; 0.9418604651162791 ; 5494121 ;  6   64
3 3 0 [30, 54, 2] ; 16392763 ; 0.9883720874786377 ; 0.9418604651162791 ; 8765539 ;  2   110
3 3 0 [30, 56, 2] ; 21619189 ; 1.0 ; 0.9534883720930233 ; 10635338 ;  8   58
3 3 0 [30, 58, 2] ; 15818679 ; 1.0 ; 0.9418604651162791 ; 6613764 ;  5   74
3 3 0 [30, 60, 2] ; 15188138 ; 1.0 ; 0.9418604651162791 ; 9140714 ;  2   116
3 3 0 [30, 62, 2] ; 21392998 ; 1.0 ; 0.9418604651162791 ; 7560246 ;  2   118
3 3 0 [30, 30, 30, 2] ; 36033350 ; 1.0 ; 0.9651162790697675 ; 18279159 ;  3   94
3 3 0 [30, 30, 32, 2] ; 23945427 ; 1.0 ; 0.9418604651162791 ; 6443730 ;  2   116
3 3 0 [30, 30, 34, 2] ; 22996385 ; 0.9767441749572754 ; 0.9418604651162791 ; 6839534 ;  2   118
3 3 0 [30, 30, 36, 2] ; 39476871 ; 0.9883720874786377 ; 0.9418604651162791 ; 17393420 ;  3   99
3 3 0 [30, 30, 38, 2] ; 24398778 ; 1.0 ; 0.9418604651162791 ; 14210605 ;  3   101
3 3 0 [30, 30, 40, 2] ; 24613679 ; 1.0 ; 0.9534883720930233 ; 29550930 ;  12   53
3 3 0 [30, 30, 42, 2] ; 28936665 ; 1.0 ; 0.9418604651162791 ; 15993092 ;  3   104
3 3 0 [30, 30, 44, 2] ; 29891969 ; 1.0 ; 0.9418604651162791 ; 8907519 ;  2   128
3 3 0 [30, 30, 46, 2] ; 33116286 ; 1.0 ; 0.9418604651162791 ; 9904138 ;  2   130
3 3 0 [30, 30, 48, 2] ; 29294377 ; 1.0 ; 0.9651162790697675 ; 9203622 ;  2   132
3 3 0 [30, 30, 50, 2] ; 30313068 ; 1.0 ; 0.9651162790697675 ; 7780448 ;  2   134
3 3 0 [30, 30, 52, 2] ; 28577423 ; 1.0 ; 0.9418604651162791 ; 5721327 ;  2   135
3 3 0 [30, 30, 54, 2] ; 27742212 ; 1.0 ; 0.9651162790697675 ; 17645878 ;  3   113
3 3 0 [30, 30, 56, 2] ; 32669275 ; 1.0 ; 0.9651162790697675 ; 9750161 ;  2   139
3 3 0 [30, 30, 58, 2] ; 32228806 ; 0.9883720874786377 ; 0.9534883720930233 ; 12136505 ;  5   91
3 3 0 [30, 30, 60, 2] ; 39910562 ; 1.0 ; 0.9418604651162791 ; 11516191 ;  4   102
3 3 0 [30, 32, 30, 2] ; 23856641 ; 1.0 ; 0.9418604651162791 ; 7663918 ;  2   118
3 3 0 [30, 32, 32, 2] ; 33638875 ; 1.0 ; 0.9534883720930233 ; 17419065 ;  7   66
3 3 0 [30, 32, 34, 2] ; 31462985 ; 1.0 ; 0.9534883720930233 ; 9785379 ;  2   122
3 3 0 [30, 32, 36, 2] ; 32406480 ; 1.0 ; 0.9418604651162791 ; 6535802 ;  5   80
3 3 0 [30, 32, 38, 2] ; 29557498 ; 1.0 ; 0.9418604651162791 ; 18296342 ;  3   104
3 3 0 [30, 32, 40, 2] ; 26486610 ; 0.9883720874786377 ; 0.9534883720930233 ; 9550705 ;  2   128
3 3 0 [30, 32, 42, 2] ; 27577589 ; 0.9767441749572754 ; 0.9534883720930233 ; 7451096 ;  6   77
3 3 0 [30, 32, 44, 2] ; 34482396 ; 1.0 ; 0.9534883720930233 ; 10914936 ;  5   86
3 3 0 [30, 32, 46, 2] ; 41016489 ; 1.0 ; 0.9418604651162791 ; 20545917 ;  4   97
3 3 0 [30, 32, 48, 2] ; 34940635 ; 1.0 ; 0.9651162790697675 ; 16757004 ;  3   112
3 3 0 [30, 32, 50, 2] ; 32456480 ; 1.0 ; 0.9651162790697675 ; 16916351 ;  3   114
3 3 0 [30, 32, 52, 2] ; 32758956 ; 1.0 ; 0.9651162790697675 ; 14331240 ;  10   65
3 3 0 [30, 32, 54, 2] ; 27754462 ; 0.9883720874786377 ; 0.9534883720930233 ; 9886913 ;  4   102
3 3 0 [30, 32, 56, 2] ; 48931977 ; 0.9883720874786377 ; 0.9418604651162791 ; 9219752 ;  2   144
3 3 0 [30, 32, 58, 2] ; 46619306 ; 1.0 ; 0.9534883720930233 ; 10590408 ;  4   104
3 3 0 [30, 32, 60, 2] ; 43564525 ; 1.0 ; 0.9534883720930233 ; 12298168 ;  4   106
3 3 0 [30, 34, 30, 2] ; 26092998 ; 1.0 ; 0.9418604651162791 ; 7325100 ;  5   79
3 3 0 [30, 34, 32, 2] ; 20650767 ; 0.9883720874786377 ; 0.9418604651162791 ; 14593880 ;  10   57
3 3 0 [30, 34, 34, 2] ; 41020555 ; 1.0 ; 0.9418604651162791 ; 9748579 ;  2   126
3 3 0 [30, 34, 36, 2] ; 28209227 ; 1.0 ; 0.9651162790697675 ; 9630371 ;  2   128
3 3 0 [30, 34, 38, 2] ; 26947702 ; 1.0 ; 0.9534883720930233 ; 11627396 ;  6   77
3 3 0 [30, 34, 40, 2] ; 27698668 ; 1.0 ; 0.9418604651162791 ; 7837674 ;  2   132
3 3 0 [30, 34, 42, 2] ; 32852050 ; 1.0 ; 0.9418604651162791 ; 14359700 ;  8   69
3 3 0 [30, 34, 44, 2] ; 27973613 ; 0.9767441749572754 ; 0.9534883720930233 ; 19407419 ;  3   113
3 3 0 [30, 34, 46, 2] ; 30978613 ; 0.9883720874786377 ; 0.9651162790697675 ; 16130463 ;  3   114
3 3 0 [30, 34, 48, 2] ; 30758554 ; 0.9883720874786377 ; 0.9418604651162791 ; 10388001 ;  5   91
3 3 0 [30, 34, 50, 2] ; 41191995 ; 1.0 ; 0.9418604651162791 ; 7392864 ;  2   142
3 3 0 [30, 34, 52, 2] ; 31592196 ; 1.0 ; 0.9418604651162791 ; 7953262 ;  2   144
3 3 0 [30, 34, 54, 2] ; 42309491 ; 1.0 ; 0.9534883720930233 ; 9493591 ;  2   146
3 3 0 [30, 34, 56, 2] ; 35991513 ; 0.9883720874786377 ; 0.9651162790697675 ; 10760656 ;  2   148
3 3 0 [30, 34, 58, 2] ; 30857510 ; 1.0 ; 0.9534883720930233 ; 15236977 ;  6   88
3 3 0 [30, 34, 60, 2] ; 35042091 ; 1.0 ; 0.9418604651162791 ; 16731350 ;  3   125
3 3 0 [30, 36, 30, 2] ; 25545412 ; 0.9767441749572754 ; 0.9534883720930233 ; 18155395 ;  9   61
3 3 0 [30, 36, 32, 2] ; 28438064 ; 1.0 ; 0.9651162790697675 ; 6280114 ;  2   128
3 3 0 [30, 36, 34, 2] ; 42698771 ; 1.0 ; 0.9418604651162791 ; 6613348 ;  2   130
3 3 0 [30, 36, 36, 2] ; 29661585 ; 0.9883720874786377 ; 0.9651162790697675 ; 8392487 ;  2   132
3 3 0 [30, 36, 38, 2] ; 33571694 ; 1.0 ; 0.9651162790697675 ; 6293617 ;  2   134
3 3 0 [30, 36, 40, 2] ; 28698956 ; 0.9767441749572754 ; 0.9534883720930233 ; 16635314 ;  3   113
3 3 0 [30, 36, 42, 2] ; 35606798 ; 1.0 ; 0.9418604651162791 ; 14102981 ;  11   61
3 3 0 [30, 36, 44, 2] ; 35786936 ; 1.0 ; 0.9418604651162791 ; 19661675 ;  12   59
3 3 0 [30, 36, 46, 2] ; 51640723 ; 0.9883720874786377 ; 0.9534883720930233 ; 9097085 ;  4   102
3 3 0 [30, 36, 48, 2] ; 41186307 ; 1.0 ; 0.9418604651162791 ; 15140875 ;  3   119
3 3 0 [30, 36, 50, 2] ; 45638394 ; 1.0 ; 0.9534883720930233 ; 6383435 ;  2   147
3 3 0 [30, 36, 52, 2] ; 48395193 ; 1.0 ; 0.9534883720930233 ; 10413287 ;  2   148
3 3 0 [30, 36, 54, 2] ; 39939821 ; 1.0 ; 0.9534883720930233 ; 15511221 ;  3   124
3 3 0 [30, 36, 56, 2] ; 53836210 ; 1.0 ; 0.9534883720930233 ; 20225178 ;  3   126
3 3 0 [30, 36, 58, 2] ; 38695992 ; 1.0 ; 0.9302325581395349 ; 9803232 ;  2   154
3 3 0 [30, 36, 60, 2] ; 55086455 ; 1.0 ; 0.9534883720930233 ; 16784906 ;  3   129
3 3 0 [30, 38, 30, 2] ; 36267522 ; 1.0 ; 0.9418604651162791 ; 5366611 ;  2   129
3 3 0 [30, 38, 32, 2] ; 37128897 ; 1.0 ; 0.9534883720930233 ; 19144620 ;  3   108
3 3 0 [30, 38, 34, 2] ; 30162206 ; 1.0 ; 0.9651162790697675 ; 8868237 ;  2   134
3 3 0 [30, 38, 36, 2] ; 38995133 ; 0.9883720874786377 ; 0.9651162790697675 ; 10799674 ;  4   98
3 3 0 [30, 38, 38, 2] ; 33516223 ; 0.9883720874786377 ; 0.9651162790697675 ; 15752321 ;  3   114
3 3 0 [30, 38, 40, 2] ; 41255833 ; 1.0 ; 0.9418604651162791 ; 9410332 ;  2   140
3 3 0 [30, 38, 42, 2] ; 34973121 ; 0.9883720874786377 ; 0.9418604651162791 ; 17605441 ;  3   117
3 3 0 [30, 38, 44, 2] ; 34101597 ; 1.0 ; 0.9418604651162791 ; 9244422 ;  2   144
3 3 0 [30, 38, 46, 2] ; 39125465 ; 1.0 ; 0.9418604651162791 ; 17449988 ;  3   121
3 3 0 [30, 38, 48, 2] ; 33022317 ; 1.0 ; 0.9418604651162791 ; 9629535 ;  2   149
3 3 0 [30, 38, 50, 2] ; 42895447 ; 0.9883720874786377 ; 0.9534883720930233 ; 14453291 ;  8   77
3 3 0 [30, 38, 52, 2] ; 41288831 ; 1.0 ; 0.9534883720930233 ; 14105293 ;  8   78
3 3 0 [30, 38, 54, 2] ; 34887508 ; 1.0 ; 0.9534883720930233 ; 13320333 ;  5   100
3 3 0 [30, 38, 56, 2] ; 42214746 ; 1.0 ; 0.9651162790697675 ; 10590467 ;  4   112
3 3 0 [30, 38, 58, 2] ; 55180685 ; 1.0 ; 0.9534883720930233 ; 19962411 ;  3   131
3 3 0 [30, 38, 60, 2] ; 36989007 ; 0.9883720874786377 ; 0.9418604651162791 ; 16375978 ;  3   132
3 4 0 [30, 22, 2] ; 11470526 ; 1.0 ; 0.9534883720930233 ; 1913216 ;  2   74
3 4 0 [30, 24, 2] ; 9602228 ; 0.9883720874786377 ; 0.9534883720930233 ; 3064784 ;  2   78
3 4 0 [30, 26, 2] ; 10459842 ; 1.0 ; 0.9418604651162791 ; 7894109 ;  4   59
3 4 0 [30, 28, 2] ; 10736310 ; 1.0 ; 0.9534883720930233 ; 2006236 ;  12   36
3 4 0 [30, 30, 2] ; 13056574 ; 0.9883720874786377 ; 0.9534883720930233 ; 5946086 ;  4   64
3 4 0 [30, 32, 2] ; 16025744 ; 1.0 ; 0.9302325581395349 ; 6370423 ;  2   91
3 4 0 [30, 34, 2] ; 12573144 ; 1.0 ; 0.9534883720930233 ; 6987114 ;  2   94
3 4 0 [30, 36, 2] ; 15961885 ; 0.9883720874786377 ; 0.9534883720930233 ; 6591242 ;  2   97
3 4 0 [30, 38, 2] ; 13322091 ; 0.9883720874786377 ; 0.9418604651162791 ; 10455031 ;  5   65
3 4 0 [30, 40, 2] ; 14934991 ; 1.0 ; 0.9534883720930233 ; 9733048 ;  6   61
3 4 0 [30, 42, 2] ; 14908945 ; 1.0 ; 0.9418604651162791 ; 12831960 ;  10   49
3 4 0 [30, 44, 2] ; 16491202 ; 0.9883720874786377 ; 0.9418604651162791 ; 10874045 ;  6   64
3 4 0 [30, 46, 2] ; 15291199 ; 1.0 ; 0.9418604651162791 ; 9326883 ;  11   49
3 4 0 [30, 48, 2] ; 17548029 ; 0.9883720874786377 ; 0.9534883720930233 ; 16379327 ;  3   93
3 4 0 [30, 50, 2] ; 15524436 ; 0.9883720874786377 ; 0.9534883720930233 ; 9681897 ;  7   64
3 4 0 [30, 52, 2] ; 17175713 ; 0.9883720874786377 ; 0.9534883720930233 ; 12845255 ;  9   58
3 4 0 [30, 54, 2] ; 19060244 ; 1.0 ; 0.9418604651162791 ; 10449537 ;  2   120
3 4 0 [30, 56, 2] ; 16800305 ; 1.0 ; 0.9418604651162791 ; 10007528 ;  2   123
3 4 0 [30, 58, 2] ; 26517155 ; 1.0 ; 0.9534883720930233 ; 11834150 ;  7   69
3 4 0 [30, 60, 2] ; 24370462 ; 1.0 ; 0.9534883720930233 ; 16794442 ;  3   105
3 4 0 [30, 62, 2] ; 25104275 ; 1.0 ; 0.9418604651162791 ; 17499985 ;  10   60
3 4 0 [30, 30, 30, 2] ; 23031523 ; 1.0 ; 0.9534883720930233 ; 14709714 ;  11   55
3 4 0 [30, 30, 32, 2] ; 26329661 ; 1.0 ; 0.9418604651162791 ; 15321723 ;  3   105
3 4 0 [30, 30, 34, 2] ; 25232515 ; 0.9883720874786377 ; 0.9534883720930233 ; 27368146 ;  4   93
3 4 0 [30, 30, 36, 2] ; 33626483 ; 0.9883720874786377 ; 0.9418604651162791 ; 8634679 ;  2   132
3 4 0 [30, 30, 38, 2] ; 28424087 ; 0.9883720874786377 ; 0.9418604651162791 ; 19067994 ;  3   111
3 4 0 [30, 30, 40, 2] ; 26225279 ; 1.0 ; 0.9534883720930233 ; 9641132 ;  4   98
3 4 0 [30, 30, 42, 2] ; 24856004 ; 0.9883720874786377 ; 0.9534883720930233 ; 8427961 ;  5   89
3 4 0 [30, 30, 44, 2] ; 27740391 ; 0.9767441749572754 ; 0.9534883720930233 ; 12849425 ;  6   83
3 4 0 [30, 30, 46, 2] ; 51955452 ; 0.9883720874786377 ; 0.9418604651162791 ; 17226293 ;  3   117
3 4 0 [30, 30, 48, 2] ; 31543628 ; 0.9883720874786377 ; 0.9418604651162791 ; 11104118 ;  2   144
3 4 0 [30, 30, 50, 2] ; 32591616 ; 0.9883720874786377 ; 0.9418604651162791 ; 8239043 ;  2   146
3 4 0 [30, 30, 52, 2] ; 33856964 ; 1.0 ; 0.9651162790697675 ; 17926887 ;  3   122
3 4 0 [30, 30, 54, 2] ; 37862197 ; 1.0 ; 0.9418604651162791 ; 5914710 ;  2   150
3 4 0 [30, 30, 56, 2] ; 42753417 ; 1.0 ; 0.9534883720930233 ; 14715965 ;  7   83
3 4 0 [30, 30, 58, 2] ; 33605130 ; 1.0 ; 0.9418604651162791 ; 7393434 ;  2   154
3 4 0 [30, 30, 60, 2] ; 33214568 ; 0.9883720874786377 ; 0.9534883720930233 ; 12413931 ;  11   68
3 4 0 [30, 32, 30, 2] ; 21424912 ; 0.9883720874786377 ; 0.9651162790697675 ; 10537371 ;  2   129
3 4 0 [30, 32, 32, 2] ; 22145919 ; 0.9883720874786377 ; 0.9534883720930233 ; 11573939 ;  4   95
3 4 0 [30, 32, 34, 2] ; 25346737 ; 0.9883720874786377 ; 0.9418604651162791 ; 13961742 ;  9   65
3 4 0 [30, 32, 36, 2] ; 26674110 ; 0.9883720874786377 ; 0.9534883720930233 ; 10097969 ;  4   98
3 4 0 [30, 32, 38, 2] ; 24022785 ; 0.9883720874786377 ; 0.9418604651162791 ; 15472048 ;  3   114
3 4 0 [30, 32, 40, 2] ; 43610884 ; 1.0 ; 0.9534883720930233 ; 11515133 ;  6   83
3 4 0 [30, 32, 42, 2] ; 41341266 ; 1.0 ; 0.9534883720930233 ; 7889039 ;  4   103
3 4 0 [30, 32, 44, 2] ; 28826811 ; 1.0 ; 0.9418604651162791 ; 9514926 ;  2   145
3 4 0 [30, 32, 46, 2] ; 29207046 ; 0.9883720874786377 ; 0.9534883720930233 ; 16066599 ;  3   121
3 4 0 [30, 32, 48, 2] ; 28174525 ; 0.9883720874786377 ; 0.9534883720930233 ; 11065005 ;  4   107
3 4 0 [30, 32, 50, 2] ; 48511706 ; 1.0 ; 0.9418604651162791 ; 19403445 ;  9   73
3 4 0 [30, 32, 52, 2] ; 27776488 ; 0.9767441749572754 ; 0.9534883720930233 ; 15959075 ;  6   90
3 4 0 [30, 32, 54, 2] ; 43454061 ; 1.0 ; 0.9651162790697675 ; 8672196 ;  4   111
3 4 0 [30, 32, 56, 2] ; 40294897 ; 1.0 ; 0.9418604651162791 ; 19589056 ;  3   129
3 4 0 [30, 32, 58, 2] ; 46053279 ; 1.0 ; 0.9418604651162791 ; 9060338 ;  2   159
3 4 0 [30, 32, 60, 2] ; 44608200 ; 0.9883720874786377 ; 0.9418604651162791 ; 11039196 ;  2   161
3 4 0 [30, 34, 30, 2] ; 22776210 ; 1.0 ; 0.9651162790697675 ; 8567898 ;  2   133
3 4 0 [30, 34, 32, 2] ; 29131917 ; 0.9767441749572754 ; 0.9418604651162791 ; 8031272 ;  2   136
3 4 0 [30, 34, 34, 2] ; 27311145 ; 0.9883720874786377 ; 0.9651162790697675 ; 16796763 ;  3   114
3 4 0 [30, 34, 36, 2] ; 32471208 ; 1.0 ; 0.9418604651162791 ; 14902947 ;  10   65
3 4 0 [30, 34, 38, 2] ; 28972201 ; 0.9883720874786377 ; 0.9418604651162791 ; 6608047 ;  4   103
3 4 0 [30, 34, 40, 2] ; 34346742 ; 0.9883720874786377 ; 0.9534883720930233 ; 14699645 ;  9   70
3 4 0 [30, 34, 42, 2] ; 25485950 ; 0.9767441749572754 ; 0.9418604651162791 ; 9140843 ;  2   147
3 4 0 [30, 34, 44, 2] ; 26260846 ; 0.9767441749572754 ; 0.9418604651162791 ; 10799554 ;  2   149
3 4 0 [30, 34, 46, 2] ; 27836059 ; 0.9883720874786377 ; 0.9534883720930233 ; 9949968 ;  2   152
3 4 0 [30, 34, 48, 2] ; 34597564 ; 0.9883720874786377 ; 0.9418604651162791 ; 15238503 ;  3   127
3 4 0 [30, 34, 50, 2] ; 35787058 ; 1.0 ; 0.9418604651162791 ; 18664432 ;  4   112
3 4 0 [30, 34, 52, 2] ; 35148040 ; 1.0 ; 0.9418604651162791 ; 10282922 ;  4   113
3 4 0 [30, 34, 54, 2] ; 31636065 ; 0.9883720874786377 ; 0.9534883720930233 ; 11061581 ;  2   160
3 4 0 [30, 34, 56, 2] ; 41787386 ; 0.9883720874786377 ; 0.9418604651162791 ; 15263995 ;  3   133
3 4 0 [30, 34, 58, 2] ; 34066029 ; 0.9883720874786377 ; 0.9418604651162791 ; 14318146 ;  10   75
3 4 0 [30, 34, 60, 2] ; 51431726 ; 1.0 ; 0.9418604651162791 ; 16648548 ;  11   73
3 4 0 [30, 36, 30, 2] ; 29304302 ; 0.9651162624359131 ; 0.9534883720930233 ; 8121231 ;  2   137
3 4 0 [30, 36, 32, 2] ; 30249716 ; 1.0 ; 0.9418604651162791 ; 20577613 ;  3   115
3 4 0 [30, 36, 34, 2] ; 32340779 ; 0.9767441749572754 ; 0.9534883720930233 ; 7871063 ;  2   142
3 4 0 [30, 36, 36, 2] ; 25988119 ; 1.0 ; 0.9534883720930233 ; 14287642 ;  7   79
3 4 0 [30, 36, 38, 2] ; 46880026 ; 0.9767441749572754 ; 0.9534883720930233 ; 10218984 ;  2   147
3 4 0 [30, 36, 40, 2] ; 39445775 ; 1.0 ; 0.9534883720930233 ; 12668952 ;  3   123
3 4 0 [30, 36, 42, 2] ; 25355187 ; 0.9883720874786377 ; 0.9418604651162791 ; 18302550 ;  3   125
3 4 0 [30, 36, 44, 2] ; 39548293 ; 1.0 ; 0.9651162790697675 ; 23839943 ;  5   99
3 4 0 [30, 36, 46, 2] ; 43723134 ; 0.9883720874786377 ; 0.9418604651162791 ; 7019743 ;  2   156
3 4 0 [30, 36, 48, 2] ; 31818614 ; 0.9883720874786377 ; 0.9418604651162791 ; 20381368 ;  9   77
