grid degree lamb width ; KAN_time ; KAN_acc ; current_best_mlp ; MLP_time ; layers neurons
3 2 0 [64, 48, 10] ; 45386735 ; 0.9666666388511658 ; 1.0 ; 11939572 ;  2 _ 134
3 2 0 [64, 50, 10] ; 50663413 ; 0.9666666388511658 ; 1.0 ; 9236792 ;  2 _ 138
3 2 0 [64, 52, 10] ; 43079760 ; 0.9555555582046509 ; 1.0 ; 11757532 ;  2 _ 141
3 2 0 [64, 54, 10] ; 53728199 ; 0.9592592716217041 ; 1.0 ; 9549791 ;  2 _ 144
3 2 0 [64, 56, 10] ; 52096060 ; 0.9629629850387573 ; 1.0 ; 9945528 ;  2 _ 147
3 2 0 [64, 58, 10] ; 54513111 ; 0.9592592716217041 ; 1.0 ; 13507520 ;  2 _ 149
3 2 0 [64, 60, 10] ; 62396041 ; 0.9629629850387573 ; 1.0 ; 14620786 ;  2 _ 152
3 2 0 [64, 62, 10] ; 48746455 ; 0.9555555582046509 ; 1.0 ; 16030181 ;  2 _ 155
3 2 0 [64, 64, 10] ; 69843062 ; 0.9592592716217041 ; 1.0 ; 14420126 ;  2 _ 158
3 2 0 [64, 66, 10] ; 53303469 ; 0.9629629850387573 ; 1.0 ; 14569426 ;  2 _ 161
3 2 0 [64, 68, 10] ; 68778502 ; 0.9592592716217041 ; 1.0 ; 14919870 ;  2 _ 163
3 2 0 [64, 70, 10] ; 69487602 ; 0.9555555582046509 ; 1.0 ; 14336512 ;  2 _ 166
3 2 0 [64, 72, 10] ; 72162037 ; 0.9592592716217041 ; 1.0 ; 12549420 ;  2 _ 168
3 2 0 [64, 74, 10] ; 63719748 ; 0.9666666388511658 ; 1.0 ; 16003165 ;  2 _ 171
3 2 0 [64, 76, 10] ; 72628531 ; 0.970370352268219 ; 1.0 ; 18853087 ;  2 _ 174
3 2 0 [64, 78, 10] ; 70225314 ; 0.9629629850387573 ; 1.0 ; 14248262 ;  2 _ 176
3 2 0 [64, 80, 10] ; 85258082 ; 0.9666666388511658 ; 1.0 ; 15286453 ;  2 _ 178
3 2 0 [64, 82, 10] ; 81791607 ; 0.9629629850387573 ; 1.0 ; 12840066 ;  2 _ 181
3 2 0 [64, 84, 10] ; 80431702 ; 0.970370352268219 ; 1.0 ; 15903817 ;  2 _ 183
3 2 0 [64, 86, 10] ; 93123973 ; 0.9592592716217041 ; 1.0 ; 16574775 ;  2 _ 186
3 2 0 [64, 88, 10] ; 71465614 ; 0.9666666388511658 ; 1.0 ; 16675206 ;  2 _ 188
3 2 0 [64, 90, 10] ; 93966984 ; 0.9629629850387573 ; 1.0 ; 16173751 ;  2 _ 190
3 2 0 [64, 92, 10] ; 108685111 ; 0.9629629850387573 ; 1.0 ; 17272873 ;  2 _ 193
3 2 0 [64, 94, 10] ; 93781957 ; 0.9666666388511658 ; 1.0 ; 15334818 ;  2 _ 195
3 2 0 [64, 96, 10] ; 98920750 ; 0.9592592716217041 ; 1.0 ; 17290302 ;  2 _ 197
3 2 0 [64, 98, 10] ; 92357093 ; 0.9629629850387573 ; 1.0 ; 15117753 ;  2 _ 199
3 2 0 [64, 100, 10] ; 111060786 ; 0.9666666388511658 ; 1.0 ; 17465523 ;  2 _ 202
3 2 0 [64, 102, 10] ; 81365009 ; 0.970370352268219 ; 1.0 ; 17420499 ;  2 _ 204
3 2 0 [64, 104, 10] ; 89247594 ; 0.9666666388511658 ; 1.0 ; 18067258 ;  2 _ 206
3 2 0 [64, 106, 10] ; 127765124 ; 0.9666666388511658 ; 1.0 ; 21065888 ;  2 _ 208
3 2 0 [64, 108, 10] ; 91491824 ; 0.9666666388511658 ; 1.0 ; 14168558 ;  2 _ 210
3 2 0 [64, 110, 10] ; 115712961 ; 0.970370352268219 ; 1.0 ; 19141066 ;  2 _ 212
3 2 0 [64, 112, 10] ; 91159391 ; 0.9629629850387573 ; 1.0 ; 21662354 ;  2 _ 214
3 2 0 [64, 114, 10] ; 133428061 ; 0.9629629850387573 ; 1.0 ; 20497600 ;  2 _ 216
3 2 0 [64, 116, 10] ; 90794485 ; 0.9629629850387573 ; 1.0 ; 21937757 ;  2 _ 218
3 2 0 [64, 118, 10] ; 125867691 ; 0.9629629850387573 ; 1.0 ; 19733817 ;  2 _ 220
3 2 0 [64, 120, 10] ; 103284647 ; 0.9666666388511658 ; 1.0 ; 25316073 ;  2 _ 222
3 2 0 [64, 122, 10] ; 135563201 ; 0.9666666388511658 ; 1.0 ; 22396921 ;  2 _ 224
3 2 0 [64, 124, 10] ; 128231159 ; 0.9629629850387573 ; 1.0 ; 18771941 ;  2 _ 226
3 2 0 [64, 126, 10] ; 152953770 ; 0.9629629850387573 ; 1.0 ; 17952943 ;  2 _ 228
3 2 0 [64, 128, 10] ; 170250696 ; 0.9666666388511658 ; 1.0 ; 21736835 ;  2 _ 230
3 2 0 [64, 130, 10] ; 126067562 ; 0.9666666388511658 ; 1.0 ; 25075842 ;  2 _ 232
3 2 0 [64, 64, 64, 10] ; 284026068 ; 0.9851852059364319 ; 1.0 ; 23011208 ;  2 _ 222
3 2 0 [64, 64, 66, 10] ; 230676948 ; 0.9777777791023254 ; 1.0 ; 23923883 ;  2 _ 224
3 2 0 [64, 64, 68, 10] ; 280671729 ; 0.9740740656852722 ; 1.0 ; 20935104 ;  2 _ 226
3 2 0 [64, 64, 70, 10] ; 338638703 ; 0.9851852059364319 ; 1.0 ; 24112050 ;  2 _ 228
3 2 0 [64, 64, 72, 10] ; 316838252 ; 0.9777777791023254 ; 1.0 ; 22282830 ;  2 _ 230
3 2 0 [64, 64, 74, 10] ; 255197284 ; 0.9777777791023254 ; 1.0 ; 24287967 ;  2 _ 232
3 2 0 [64, 64, 76, 10] ; 251959287 ; 0.9740740656852722 ; 1.0 ; 24246411 ;  2 _ 233
3 2 0 [64, 64, 78, 10] ; 268281373 ; 0.9777777791023254 ; 1.0 ; 21303573 ;  2 _ 235
3 2 0 [64, 64, 80, 10] ; 325790810 ; 0.9777777791023254 ; 1.0 ; 24237498 ;  2 _ 237
3 2 0 [64, 64, 82, 10] ; 307848134 ; 0.9777777791023254 ; 1.0 ; 17676094 ;  2 _ 239
3 2 0 [64, 64, 84, 10] ; 317206883 ; 0.9777777791023254 ; 1.0 ; 23057616 ;  2 _ 241
3 2 0 [64, 64, 86, 10] ; 278768559 ; 0.9777777791023254 ; 1.0 ; 23926983 ;  2 _ 243
3 2 0 [64, 64, 88, 10] ; 286355941 ; 0.9777777791023254 ; 1.0 ; 22372228 ;  2 _ 245
3 2 0 [64, 64, 90, 10] ; 261667962 ; 0.9851852059364319 ; 1.0 ; 25914959 ;  2 _ 247
3 2 0 [64, 64, 92, 10] ; 299940463 ; 0.9888888597488403 ; 1.0 ; 25507343 ;  2 _ 248
3 2 0 [64, 64, 94, 10] ; 276193513 ; 0.9740740656852722 ; 1.0 ; 25092227 ;  2 _ 250
3 2 0 [64, 64, 96, 10] ; 373183089 ; 0.9777777791023254 ; 1.0 ; 24294449 ;  2 _ 252
3 2 0 [64, 64, 98, 10] ; 327595093 ; 0.9740740656852722 ; 1.0 ; 28711011 ;  2 _ 254
3 2 0 [64, 64, 100, 10] ; 306803877 ; 0.9814814925193787 ; 1.0 ; 23750428 ;  2 _ 255
3 2 0 [64, 64, 102, 10] ; 295783000 ; 0.9740740656852722 ; 1.0 ; 26432479 ;  2 _ 257
3 2 0 [64, 64, 104, 10] ; 292089195 ; 0.9851852059364319 ; 1.0 ; 25716244 ;  2 _ 259
3 2 0 [64, 64, 106, 10] ; 342494950 ; 0.9814814925193787 ; 1.0 ; 27462158 ;  2 _ 261
3 2 0 [64, 64, 108, 10] ; 306920810 ; 0.9777777791023254 ; 1.0 ; 22940730 ;  2 _ 262
3 2 0 [64, 64, 110, 10] ; 304747485 ; 0.9814814925193787 ; 1.0 ; 27611246 ;  2 _ 264
3 2 0 [64, 64, 112, 10] ; 342976130 ; 0.9814814925193787 ; 1.0 ; 20746001 ;  2 _ 266
3 2 0 [64, 64, 114, 10] ; 310339350 ; 0.9777777791023254 ; 1.0 ; 27798897 ;  2 _ 267
3 2 0 [64, 64, 116, 10] ; 401598205 ; 0.9777777791023254 ; 1.0 ; 23738867 ;  2 _ 269
3 2 0 [64, 64, 118, 10] ; 479031364 ; 0.9851852059364319 ; 1.0 ; 28059065 ;  2 _ 271
3 2 0 [64, 64, 120, 10] ; 347284027 ; 0.9740740656852722 ; 1.0 ; 26197000 ;  2 _ 272
3 2 0 [64, 64, 122, 10] ; 391160198 ; 0.9814814925193787 ; 1.0 ; 26217393 ;  2 _ 274
3 2 0 [64, 64, 124, 10] ; 444900390 ; 0.9814814925193787 ; 1.0 ; 30256685 ;  2 _ 276
3 2 0 [64, 64, 126, 10] ; 425841213 ; 0.9851852059364319 ; 1.0 ; 25130175 ;  2 _ 277
3 2 0 [64, 64, 128, 10] ; 467269174 ; 0.9814814925193787 ; 1.0 ; 28238520 ;  2 _ 279
3 2 0 [64, 66, 64, 10] ; 279345997 ; 0.9777777791023254 ; 1.0 ; 19162739 ;  2 _ 225
3 2 0 [64, 66, 66, 10] ; 293084072 ; 0.9777777791023254 ; 1.0 ; 21991571 ;  2 _ 227
3 2 0 [64, 66, 68, 10] ; 295602879 ; 0.970370352268219 ; 1.0 ; 21154413 ;  2 _ 229
3 2 0 [64, 66, 70, 10] ; 247520869 ; 0.9814814925193787 ; 1.0 ; 18679426 ;  2 _ 231
3 2 0 [64, 66, 72, 10] ; 273407287 ; 0.9814814925193787 ; 1.0 ; 18685149 ;  2 _ 233
3 2 0 [64, 66, 74, 10] ; 318079973 ; 0.9777777791023254 ; 1.0 ; 22156673 ;  2 _ 235
3 2 0 [64, 66, 76, 10] ; 266720100 ; 0.9814814925193787 ; 1.0 ; 27260627 ;  2 _ 237
3 2 0 [64, 66, 78, 10] ; 287705850 ; 0.9777777791023254 ; 1.0 ; 27097338 ;  2 _ 239
3 2 0 [64, 66, 80, 10] ; 267225400 ; 0.9777777791023254 ; 1.0 ; 23717046 ;  2 _ 241
3 2 0 [64, 66, 82, 10] ; 260836565 ; 0.9740740656852722 ; 1.0 ; 21445659 ;  2 _ 243
3 2 0 [64, 66, 84, 10] ; 277229202 ; 0.9851852059364319 ; 1.0 ; 21817627 ;  2 _ 245
3 2 0 [64, 66, 86, 10] ; 319866632 ; 0.9814814925193787 ; 1.0 ; 19099160 ;  2 _ 247
3 2 0 [64, 66, 88, 10] ; 276317318 ; 0.9777777791023254 ; 1.0 ; 23750252 ;  2 _ 248
3 2 0 [64, 66, 90, 10] ; 333222123 ; 0.9777777791023254 ; 1.0 ; 22086496 ;  2 _ 250
3 2 0 [64, 66, 92, 10] ; 263858024 ; 0.9777777791023254 ; 1.0 ; 24758899 ;  2 _ 252
3 2 0 [64, 66, 94, 10] ; 318262125 ; 0.9814814925193787 ; 1.0 ; 26201036 ;  2 _ 254
3 2 0 [64, 66, 96, 10] ; 275058604 ; 0.9777777791023254 ; 1.0 ; 23279579 ;  2 _ 256
3 2 0 [64, 66, 98, 10] ; 286201235 ; 0.9777777791023254 ; 1.0 ; 25001031 ;  2 _ 258
3 2 0 [64, 66, 100, 10] ; 285197834 ; 0.9777777791023254 ; 1.0 ; 24844773 ;  2 _ 259
3 2 0 [64, 66, 102, 10] ; 302800996 ; 0.9777777791023254 ; 1.0 ; 22407825 ;  2 _ 261
3 2 0 [64, 66, 104, 10] ; 358358776 ; 0.9814814925193787 ; 1.0 ; 23388113 ;  2 _ 263
3 2 0 [64, 66, 106, 10] ; 319650756 ; 0.9740740656852722 ; 1.0 ; 23802933 ;  2 _ 265
3 2 0 [64, 66, 108, 10] ; 338887280 ; 0.9777777791023254 ; 1.0 ; 22638290 ;  2 _ 266
3 2 0 [64, 66, 110, 10] ; 246808767 ; 0.9777777791023254 ; 1.0 ; 25591385 ;  2 _ 268
3 2 0 [64, 66, 112, 10] ; 318002403 ; 0.9777777791023254 ; 1.0 ; 26737093 ;  2 _ 270
3 2 0 [64, 66, 114, 10] ; 453636490 ; 0.9814814925193787 ; 1.0 ; 26629833 ;  2 _ 271
3 2 0 [64, 66, 116, 10] ; 364556932 ; 0.9777777791023254 ; 1.0 ; 27173245 ;  2 _ 273
3 2 0 [64, 66, 118, 10] ; 372394266 ; 0.970370352268219 ; 1.0 ; 22837701 ;  2 _ 275
3 2 0 [64, 66, 120, 10] ; 334826843 ; 0.9814814925193787 ; 1.0 ; 26874305 ;  2 _ 277
3 2 0 [64, 66, 122, 10] ; 340098588 ; 0.9814814925193787 ; 1.0 ; 28450052 ;  2 _ 278
3 2 0 [64, 66, 124, 10] ; 372008897 ; 0.9777777791023254 ; 1.0 ; 28309327 ;  2 _ 280
3 2 0 [64, 66, 126, 10] ; 352811084 ; 0.9740740656852722 ; 1.0 ; 25432778 ;  2 _ 282
3 2 0 [64, 66, 128, 10] ; 403636622 ; 0.9814814925193787 ; 1.0 ; 29713763 ;  2 _ 283
3 2 0 [64, 68, 64, 10] ; 295477625 ; 0.9814814925193787 ; 1.0 ; 20003477 ;  2 _ 229
3 2 0 [64, 68, 66, 10] ; 251236190 ; 0.9777777791023254 ; 1.0 ; 22277616 ;  2 _ 231
3 2 0 [64, 68, 68, 10] ; 306027161 ; 0.9777777791023254 ; 1.0 ; 23540696 ;  2 _ 233
3 2 0 [64, 68, 70, 10] ; 253028398 ; 0.9814814925193787 ; 1.0 ; 23856417 ;  2 _ 235
3 2 0 [64, 68, 72, 10] ; 284376637 ; 0.9814814925193787 ; 1.0 ; 22307783 ;  2 _ 237
3 2 0 [64, 68, 74, 10] ; 319294382 ; 0.9740740656852722 ; 1.0 ; 20233071 ;  2 _ 239
3 2 0 [64, 68, 76, 10] ; 292058037 ; 0.9777777791023254 ; 1.0 ; 19148055 ;  2 _ 241
3 2 0 [64, 68, 78, 10] ; 279942388 ; 0.9814814925193787 ; 1.0 ; 21246070 ;  2 _ 243
3 2 0 [64, 68, 80, 10] ; 273258538 ; 0.9740740656852722 ; 1.0 ; 23578641 ;  2 _ 244
3 2 0 [64, 68, 82, 10] ; 256826970 ; 0.9851852059364319 ; 1.0 ; 23803816 ;  2 _ 246
3 2 0 [64, 68, 84, 10] ; 261693985 ; 0.9740740656852722 ; 1.0 ; 18576165 ;  2 _ 248
3 2 0 [64, 68, 86, 10] ; 289880350 ; 0.9666666388511658 ; 1.0 ; 23537650 ;  2 _ 250
3 2 0 [64, 68, 88, 10] ; 282997048 ; 0.9777777791023254 ; 1.0 ; 25261893 ;  2 _ 252
3 2 0 [64, 68, 90, 10] ; 388156367 ; 0.9777777791023254 ; 1.0 ; 23327008 ;  2 _ 254
3 3 0 [64, 48, 10] ; 65191010 ; 0.9592592716217041 ; 1.0 ; 14970736 ;  2 _ 151
3 3 0 [64, 50, 10] ; 61238602 ; 0.9666666388511658 ; 1.0 ; 15851367 ;  2 _ 154
3 3 0 [64, 52, 10] ; 62347244 ; 0.9555555582046509 ; 1.0 ; 16866436 ;  2 _ 158
3 3 0 [64, 54, 10] ; 63348230 ; 0.9666666388511658 ; 1.0 ; 12427283 ;  2 _ 161
3 3 0 [64, 56, 10] ; 57081130 ; 0.9666666388511658 ; 1.0 ; 14419972 ;  2 _ 164
3 3 0 [64, 58, 10] ; 74296210 ; 0.970370352268219 ; 1.0 ; 13934882 ;  2 _ 168
3 3 0 [64, 60, 10] ; 61030882 ; 0.9629629850387573 ; 1.0 ; 9011317 ;  2 _ 171
3 3 0 [64, 62, 10] ; 67434662 ; 0.970370352268219 ; 1.0 ; 14309327 ;  2 _ 174
3 3 0 [64, 64, 10] ; 65896921 ; 0.9629629850387573 ; 1.0 ; 16354704 ;  2 _ 177
3 3 0 [64, 66, 10] ; 78994860 ; 0.9777777791023254 ; 1.0 ; 15891599 ;  2 _ 180
3 3 0 [64, 68, 10] ; 71867597 ; 0.9740740656852722 ; 1.0 ; 13724267 ;  2 _ 183
3 3 0 [64, 70, 10] ; 67191701 ; 0.9629629850387573 ; 1.0 ; 17222783 ;  2 _ 186
3 3 0 [64, 72, 10] ; 78789804 ; 0.9740740656852722 ; 1.0 ; 16945556 ;  2 _ 189
3 3 0 [64, 74, 10] ; 74024104 ; 0.9666666388511658 ; 1.0 ; 18214411 ;  2 _ 192
3 3 0 [64, 76, 10] ; 73553372 ; 0.9666666388511658 ; 1.0 ; 18997867 ;  2 _ 194
3 3 0 [64, 78, 10] ; 75062587 ; 0.9666666388511658 ; 1.0 ; 18383109 ;  2 _ 197
3 3 0 [64, 80, 10] ; 113873026 ; 0.970370352268219 ; 1.0 ; 21346399 ;  2 _ 200
3 3 0 [64, 82, 10] ; 86344964 ; 0.9666666388511658 ; 1.0 ; 16684202 ;  2 _ 203
3 3 0 [64, 84, 10] ; 108395799 ; 0.970370352268219 ; 1.0 ; 18151493 ;  2 _ 205
3 3 0 [64, 86, 10] ; 92984957 ; 0.970370352268219 ; 1.0 ; 20392039 ;  2 _ 208
3 3 0 [64, 88, 10] ; 103557188 ; 0.9666666388511658 ; 1.0 ; 19488290 ;  2 _ 210
3 3 0 [64, 90, 10] ; 96339892 ; 0.9740740656852722 ; 1.0 ; 23914328 ;  2 _ 213
3 3 0 [64, 92, 10] ; 104894422 ; 0.9740740656852722 ; 1.0 ; 19427303 ;  2 _ 216
3 3 0 [64, 94, 10] ; 103676479 ; 0.9666666388511658 ; 1.0 ; 19543720 ;  2 _ 218
3 3 0 [64, 96, 10] ; 124971604 ; 0.9629629850387573 ; 1.0 ; 20433808 ;  2 _ 221
3 3 0 [64, 98, 10] ; 111937515 ; 0.9814814925193787 ; 1.0 ; 20232443 ;  2 _ 223
3 3 0 [64, 100, 10] ; 134338645 ; 0.970370352268219 ; 1.0 ; 22194551 ;  2 _ 225
3 3 0 [64, 102, 10] ; 121932951 ; 0.9666666388511658 ; 1.0 ; 21233526 ;  2 _ 228
3 3 0 [64, 104, 10] ; 105876999 ; 0.970370352268219 ; 1.0 ; 21969002 ;  2 _ 230
3 3 0 [64, 106, 10] ; 125925252 ; 0.9777777791023254 ; 1.0 ; 22489399 ;  2 _ 233
3 3 0 [64, 108, 10] ; 117308082 ; 0.9666666388511658 ; 1.0 ; 22423283 ;  2 _ 235
3 3 0 [64, 110, 10] ; 142557941 ; 0.970370352268219 ; 1.0 ; 25137029 ;  2 _ 237
3 3 0 [64, 112, 10] ; 117986685 ; 0.9814814925193787 ; 1.0 ; 23208371 ;  2 _ 240
3 3 0 [64, 114, 10] ; 141473430 ; 0.970370352268219 ; 1.0 ; 20381450 ;  2 _ 242
3 3 0 [64, 116, 10] ; 132103168 ; 0.9777777791023254 ; 1.0 ; 22905894 ;  2 _ 244
3 3 0 [64, 118, 10] ; 132604076 ; 0.9777777791023254 ; 1.0 ; 22484409 ;  2 _ 246
3 3 0 [64, 120, 10] ; 130408047 ; 0.9740740656852722 ; 1.0 ; 24076272 ;  2 _ 249
3 3 0 [64, 122, 10] ; 148992224 ; 0.9777777791023254 ; 1.0 ; 26034034 ;  2 _ 251
3 3 0 [64, 124, 10] ; 147294133 ; 0.9666666388511658 ; 1.0 ; 21604963 ;  2 _ 253
3 3 0 [64, 126, 10] ; 146802606 ; 0.9740740656852722 ; 1.0 ; 25649693 ;  2 _ 255
3 3 0 [64, 128, 10] ; 151073600 ; 0.9666666388511658 ; 1.0 ; 21838573 ;  2 _ 257
3 3 0 [64, 130, 10] ; 138404020 ; 0.9666666388511658 ; 1.0 ; 25678108 ;  2 _ 259
3 4 0 [64, 48, 10] ; 62542758 ; 0.9777777791023254 ; 1.0 ; 16660795 ;  2 _ 166
3 4 0 [64, 50, 10] ; 76539202 ; 0.9777777791023254 ; 1.0 ; 15619561 ;  2 _ 170
3 4 0 [64, 52, 10] ; 69752666 ; 0.970370352268219 ; 1.0 ; 13671165 ;  2 _ 173
3 4 0 [64, 54, 10] ; 72809185 ; 0.9666666388511658 ; 1.0 ; 14474276 ;  2 _ 177
3 4 0 [64, 56, 10] ; 68968166 ; 0.9777777791023254 ; 1.0 ; 15932692 ;  2 _ 181
3 4 0 [64, 58, 10] ; 71982407 ; 0.970370352268219 ; 1.0 ; 16769875 ;  2 _ 184
3 4 0 [64, 60, 10] ; 76155644 ; 0.9777777791023254 ; 1.0 ; 16300351 ;  2 _ 188
3 4 0 [64, 62, 10] ; 83357554 ; 0.9740740656852722 ; 1.0 ; 17539672 ;  2 _ 191
3 4 0 [64, 64, 10] ; 80938101 ; 0.970370352268219 ; 1.0 ; 14929927 ;  2 _ 194
3 4 0 [64, 66, 10] ; 90654606 ; 0.970370352268219 ; 1.0 ; 18511313 ;  2 _ 198
3 4 0 [64, 68, 10] ; 83346252 ; 0.9629629850387573 ; 1.0 ; 16868129 ;  2 _ 201
3 4 0 [64, 70, 10] ; 74144586 ; 0.9629629850387573 ; 1.0 ; 21996970 ;  2 _ 204
3 4 0 [64, 72, 10] ; 88586629 ; 0.9629629850387573 ; 1.0 ; 21639198 ;  2 _ 207
3 4 0 [64, 74, 10] ; 102573005 ; 0.9777777791023254 ; 1.0 ; 16396846 ;  2 _ 210
3 4 0 [64, 76, 10] ; 85131819 ; 0.970370352268219 ; 1.0 ; 20876952 ;  2 _ 213
3 4 0 [64, 78, 10] ; 93040837 ; 0.9740740656852722 ; 1.0 ; 19124680 ;  2 _ 216
3 4 0 [64, 80, 10] ; 103198090 ; 0.9629629850387573 ; 1.0 ; 20094753 ;  2 _ 219
3 4 0 [64, 82, 10] ; 113644871 ; 0.9777777791023254 ; 1.0 ; 15441186 ;  2 _ 222
3 4 0 [64, 84, 10] ; 106666516 ; 0.9666666388511658 ; 1.0 ; 19043419 ;  2 _ 225
3 4 0 [64, 86, 10] ; 118991907 ; 0.970370352268219 ; 1.0 ; 19538291 ;  2 _ 228
3 4 0 [64, 88, 10] ; 96625638 ; 0.9592592716217041 ; 1.0 ; 24289146 ;  2 _ 231
3 4 0 [64, 90, 10] ; 98719016 ; 0.9740740656852722 ; 1.0 ; 23006112 ;  2 _ 234
3 4 0 [64, 92, 10] ; 136955141 ; 0.9740740656852722 ; 1.0 ; 21705024 ;  2 _ 236
3 4 0 [64, 94, 10] ; 132926002 ; 0.970370352268219 ; 1.0 ; 19788071 ;  2 _ 239
3 4 0 [64, 96, 10] ; 160640588 ; 0.9740740656852722 ; 1.0 ; 19491416 ;  2 _ 242
3 4 0 [64, 98, 10] ; 121406079 ; 0.9740740656852722 ; 1.0 ; 23652967 ;  2 _ 245
3 4 0 [64, 100, 10] ; 119840590 ; 0.9740740656852722 ; 1.0 ; 25722674 ;  2 _ 247
3 4 0 [64, 102, 10] ; 146765247 ; 0.9629629850387573 ; 1.0 ; 20820385 ;  2 _ 250
3 4 0 [64, 104, 10] ; 161301714 ; 0.970370352268219 ; 1.0 ; 23371026 ;  2 _ 252
3 4 0 [64, 106, 10] ; 136616388 ; 0.970370352268219 ; 1.0 ; 26294842 ;  2 _ 255
3 4 0 [64, 108, 10] ; 153181477 ; 0.970370352268219 ; 1.0 ; 25846076 ;  2 _ 258
3 4 0 [64, 110, 10] ; 141402559 ; 0.970370352268219 ; 1.0 ; 24609223 ;  2 _ 260
3 4 0 [64, 112, 10] ; 151181625 ; 0.970370352268219 ; 1.0 ; 25829414 ;  2 _ 263
3 4 0 [64, 114, 10] ; 153601209 ; 0.9777777791023254 ; 1.0 ; 26044692 ;  2 _ 265
3 4 0 [64, 116, 10] ; 140405846 ; 0.9740740656852722 ; 1.0 ; 24282168 ;  2 _ 268
3 4 0 [64, 118, 10] ; 153870701 ; 0.9666666388511658 ; 1.0 ; 22099012 ;  2 _ 270
3 4 0 [64, 120, 10] ; 159507001 ; 0.9777777791023254 ; 1.0 ; 25319993 ;  2 _ 272
3 4 0 [64, 122, 10] ; 231753875 ; 0.9740740656852722 ; 1.0 ; 25793997 ;  2 _ 275
3 4 0 [64, 124, 10] ; 178656573 ; 0.9592592716217041 ; 1.0 ; 24186812 ;  2 _ 277
3 4 0 [64, 126, 10] ; 162577585 ; 0.970370352268219 ; 1.0 ; 28703008 ;  2 _ 280
3 4 0 [64, 128, 10] ; 155930080 ; 0.9629629850387573 ; 1.0 ; 28360812 ;  2 _ 282
3 4 0 [64, 130, 10] ; 159185638 ; 0.9666666388511658 ; 1.0 ; 27891020 ;  2 _ 284
3 5 0 [64, 48, 10] ; 75687827 ; 0.9629629850387573 ; 1.0 ; 18592246 ;  2 _ 180
3 5 0 [64, 50, 10] ; 98475802 ; 0.970370352268219 ; 1.0 ; 14737622 ;  2 _ 184
3 5 0 [64, 52, 10] ; 91467527 ; 0.9666666388511658 ; 1.0 ; 18564290 ;  2 _ 188
3 5 0 [64, 54, 10] ; 83891034 ; 0.9629629850387573 ; 1.0 ; 17230698 ;  2 _ 192