grid degree lamb width ; KAN_time ; KAN_acc ; current_best_mlp ; MLP_time ; layers neurons
3 2 0 [13, 9, 3] ; 4024818 ; 0.9259259104728699 ; 0.7777777777777778 ; 231029 ;  2 _ 27
3 2 0 [13, 11, 3] ; 4358810 ; 0.9259259104728699 ; 0.8518518518518519 ; 552801 ;  7 _ 17
3 2 0 [13, 13, 3] ; 2932619 ; 0.9259259104728699 ; 0.8518518518518519 ; 224380 ;  4 _ 24
3 2 0 [13, 15, 3] ; 4074242 ; 1.0 ; 0.9259259259259259 ; 262001 ;  2 _ 36
3 2 0 [13, 17, 3] ; 2873741 ; 0.9629629850387573 ; 0.8888888888888888 ; 181816 ;  2 _ 38
3 2 0 [13, 19, 3] ; 3975377 ; 0.9629629850387573 ; 0.8888888888888888 ; 275161 ;  2 _ 41
3 2 0 [13, 21, 3] ; 2011757 ; 0.9629629850387573 ; 0.8888888888888888 ; 453489 ;  3 _ 36
3 2 0 [13, 23, 3] ; 2445043 ; 0.9629629850387573 ; 0.8518518518518519 ; 444864 ;  3 _ 37
3 2 0 [13, 25, 3] ; 5109417 ; 0.9629629850387573 ; 0.7777777777777778 ; 279117 ;  4 _ 34
3 2 0 [13, 27, 3] ; 3870393 ; 0.8888888955116272 ; 0.7777777777777778 ; 289763 ;  2 _ 49
3 2 0 [13, 13, 13, 3] ; 4622233 ; 0.9259259104728699 ; 0.8148148148148148 ; 432150 ;  3 _ 38
3 2 0 [13, 13, 15, 3] ; 6364774 ; 0.8888888955116272 ; 0.9259259259259259 ; 247949 ;  2 _ 48
3 2 0 [13, 13, 17, 3] ; 3988384 ; 0.7777777910232544 ; 0.8888888888888888 ; 213146 ;  2 _ 50
3 2 0 [13, 13, 19, 3] ; 12630263 ; 0.9629629850387573 ; 0.8888888888888888 ; 344731 ;  2 _ 52
3 2 0 [13, 13, 21, 3] ; 4753703 ; 0.8148148059844971 ; 0.7777777777777778 ; 238803 ;  2 _ 53
3 2 0 [13, 13, 23, 3] ; 7939278 ; 0.8518518805503845 ; 0.8148148148148148 ; 702813 ;  4 _ 40
3 2 0 [13, 13, 25, 3] ; 12208097 ; 0.9259259104728699 ; 0.8148148148148148 ; 549809 ;  4 _ 41
3 2 0 [13, 13, 27, 3] ; 6903729 ; 0.8888888955116272 ; 0.8518518518518519 ; 281032 ;  2 _ 59
3 2 0 [13, 15, 13, 3] ; 6630212 ; 0.9629629850387573 ; 0.8888888888888888 ; 200201 ;  2 _ 49
3 2 0 [13, 15, 15, 3] ; 5604148 ; 0.8518518805503845 ; 0.8518518518518519 ; 493940 ;  3 _ 42
3 2 0 [13, 15, 17, 3] ; 6492095 ; 0.8888888955116272 ; 0.8518518518518519 ; 243821 ;  2 _ 53
3 2 0 [13, 15, 19, 3] ; 4723933 ; 0.8518518805503845 ; 0.7777777777777778 ; 638590 ;  7 _ 30
3 2 0 [13, 15, 21, 3] ; 8869508 ; 0.9629629850387573 ; 0.8888888888888888 ; 218503 ;  2 _ 57
3 2 0 [13, 15, 23, 3] ; 5998818 ; 0.8888888955116272 ; 0.8518518518518519 ; 527454 ;  3 _ 49
3 2 0 [13, 15, 25, 3] ; 7270800 ; 1.0 ; 0.7777777777777778 ; 259993 ;  2 _ 61
3 2 0 [13, 15, 27, 3] ; 10555661 ; 0.9259259104728699 ; 0.7777777777777778 ; 707684 ;  9 _ 31
3 2 0 [13, 17, 13, 3] ; 11341196 ; 0.9629629850387573 ; 0.7777777777777778 ; 348674 ;  2 _ 52
3 2 0 [13, 17, 15, 3] ; 7182909 ; 0.8518518805503845 ; 0.8148148148148148 ; 796324 ;  3 _ 45
3 2 0 [13, 17, 17, 3] ; 7617603 ; 0.9259259104728699 ; 0.8518518518518519 ; 550210 ;  3 _ 47
3 2 0 [13, 17, 19, 3] ; 7153450 ; 0.9259259104728699 ; 0.8148148148148148 ; 364140 ;  4 _ 42
3 2 0 [13, 17, 21, 3] ; 13552599 ; 0.9629629850387573 ; 0.8518518518518519 ; 497332 ;  4 _ 44
3 2 0 [13, 17, 23, 3] ; 4599925 ; 0.7777777910232544 ; 0.8518518518518519 ; 615349 ;  5 _ 41
3 2 0 [13, 17, 25, 3] ; 8597738 ; 0.9259259104728699 ; 0.8888888888888888 ; 757252 ;  3 _ 53
3 2 0 [13, 17, 27, 3] ; 7314791 ; 0.8518518805503845 ; 0.8148148148148148 ; 428168 ;  2 _ 66
3 2 0 [13, 19, 13, 3] ; 5396283 ; 0.9629629850387573 ; 0.7777777777777778 ; 377707 ;  5 _ 36
3 2 0 [13, 19, 15, 3] ; 9150405 ; 0.9259259104728699 ; 0.8518518518518519 ; 559466 ;  3 _ 47
3 2 0 [13, 19, 17, 3] ; 9305799 ; 0.9629629850387573 ; 0.8148148148148148 ; 621065 ;  3 _ 49
3 2 0 [13, 19, 19, 3] ; 6588410 ; 0.8518518805503845 ; 0.7777777777777778 ; 311018 ;  2 _ 62
3 2 0 [13, 19, 21, 3] ; 10586296 ; 0.8518518805503845 ; 0.8148148148148148 ; 750988 ;  3 _ 53
3 2 0 [13, 19, 23, 3] ; 8767821 ; 0.8518518805503845 ; 0.8518518518518519 ; 813658 ;  3 _ 55
3 2 0 [13, 19, 25, 3] ; 8858430 ; 0.8888888955116272 ; 0.7777777777777778 ; 816001 ;  3 _ 56
3 2 0 [13, 19, 27, 3] ; 11194909 ; 0.9629629850387573 ; 0.7777777777777778 ; 515605 ;  4 _ 50
3 2 0 [13, 21, 13, 3] ; 13065562 ; 0.9629629850387573 ; 0.7777777777777778 ; 494280 ;  3 _ 48
3 2 0 [13, 21, 15, 3] ; 7639947 ; 0.8888888955116272 ; 0.8518518518518519 ; 286126 ;  2 _ 60
3 2 0 [13, 21, 17, 3] ; 4874178 ; 0.7777777910232544 ; 0.8518518518518519 ; 574456 ;  5 _ 41
3 2 0 [13, 21, 19, 3] ; 8892647 ; 0.9259259104728699 ; 0.7777777777777778 ; 2491732 ;  2 _ 65
3 2 0 [13, 21, 21, 3] ; 9774616 ; 0.9629629850387573 ; 0.8888888888888888 ; 904883 ;  2 _ 67
3 2 0 [13, 21, 23, 3] ; 19053376 ; 1.0 ; 0.7777777777777778 ; 2006269 ;  2 _ 69
3 2 0 [13, 21, 25, 3] ; 10587544 ; 0.8148148059844971 ; 0.7777777777777778 ; 802285 ;  3 _ 59
3 2 0 [13, 21, 27, 3] ; 9942260 ; 0.9629629850387573 ; 0.8148148148148148 ; 431844 ;  2 _ 73
3 3 0 [13, 9, 3] ; 2263579 ; 0.8888888955116272 ; 0.8888888888888888 ; 260142 ;  2 _ 30
3 3 0 [13, 11, 3] ; 5014502 ; 0.9629629850387573 ; 0.8518518518518519 ; 280011 ;  6 _ 20
3 3 0 [13, 13, 3] ; 5180711 ; 0.9629629850387573 ; 0.8518518518518519 ; 357615 ;  2 _ 37
3 3 0 [13, 15, 3] ; 4129949 ; 0.9629629850387573 ; 0.7777777777777778 ; 188080 ;  2 _ 40
3 3 0 [13, 17, 3] ; 6154224 ; 0.9259259104728699 ; 0.7777777777777778 ; 291818 ;  5 _ 28
3 3 0 [13, 19, 3] ; 4411684 ; 0.9629629850387573 ; 0.8888888888888888 ; 616101 ;  3 _ 38
3 3 0 [13, 21, 3] ; 4361631 ; 0.9259259104728699 ; 0.7777777777777778 ; 221887 ;  2 _ 48
3 3 0 [13, 23, 3] ; 5486238 ; 0.9629629850387573 ; 0.8148148148148148 ; 601808 ;  3 _ 42
3 3 0 [13, 25, 3] ; 4938232 ; 0.9259259104728699 ; 0.8518518518518519 ; 301934 ;  4 _ 38
3 3 0 [13, 27, 3] ; 5772549 ; 1.0 ; 0.9259259259259259 ; 262579 ;  2 _ 55
3 3 0 [13, 13, 13, 3] ; 7237598 ; 0.8888888955116272 ; 0.8518518518518519 ; 506921 ;  3 _ 42
3 3 0 [13, 13, 15, 3] ; 7446333 ; 0.8888888955116272 ; 0.8518518518518519 ; 464293 ;  4 _ 38
3 3 0 [13, 13, 17, 3] ; 10776748 ; 0.9259259104728699 ; 0.7777777777777778 ; 657180 ;  3 _ 46
3 3 0 [13, 13, 19, 3] ; 8146129 ; 0.9629629850387573 ; 0.8148148148148148 ; 363444 ;  2 _ 58
3 3 0 [13, 13, 21, 3] ; 15020464 ; 1.0 ; 0.8518518518518519 ; 279332 ;  2 _ 60
3 3 0 [13, 13, 23, 3] ; 11921467 ; 0.9629629850387573 ; 0.7777777777777778 ; 282102 ;  2 _ 62
3 3 0 [13, 13, 25, 3] ; 9587601 ; 0.9259259104728699 ; 0.8148148148148148 ; 399391 ;  2 _ 64
3 3 0 [13, 13, 27, 3] ; 7206858 ; 0.9629629850387573 ; 0.7777777777777778 ; 1181228 ;  4 _ 47
3 3 0 [13, 15, 13, 3] ; 10473492 ; 0.9259259104728699 ; 0.8888888888888888 ; 546297 ;  3 _ 45
3 3 0 [13, 15, 15, 3] ; 7728069 ; 0.8518518805503845 ; 0.7777777777777778 ; 827408 ;  4 _ 41
3 3 0 [13, 15, 17, 3] ; 9580177 ; 0.9629629850387573 ; 0.8518518518518519 ; 578701 ;  3 _ 49
3 3 0 [13, 15, 19, 3] ; 7551643 ; 0.8518518805503845 ; 0.8518518518518519 ; 690466 ;  3 _ 51
3 3 0 [13, 15, 21, 3] ; 8355936 ; 0.8518518805503845 ; 0.8148148148148148 ; 484926 ;  8 _ 33
3 3 0 [13, 15, 23, 3] ; 17714381 ; 1.0 ; 0.8148148148148148 ; 1266851 ;  2 _ 66
3 3 0 [13, 15, 25, 3] ; 16443946 ; 1.0 ; 0.8148148148148148 ; 478385 ;  2 _ 68
3 3 0 [13, 15, 27, 3] ; 12881990 ; 0.9629629850387573 ; 0.8518518518518519 ; 2746078 ;  3 _ 58
3 3 0 [13, 17, 13, 3] ; 10434302 ; 0.9629629850387573 ; 0.7777777777777778 ; 274559 ;  2 _ 58
3 3 0 [13, 17, 15, 3] ; 11869643 ; 0.8888888955116272 ; 0.8518518518518519 ; 628605 ;  3 _ 50
3 3 0 [13, 17, 17, 3] ; 7703363 ; 0.9629629850387573 ; 0.8148148148148148 ; 295024 ;  2 _ 63
3 3 0 [13, 17, 19, 3] ; 10261015 ; 0.8888888955116272 ; 0.8148148148148148 ; 991192 ;  7 _ 36
3 3 0 [13, 17, 21, 3] ; 10918434 ; 0.9629629850387573 ; 0.7777777777777778 ; 488261 ;  5 _ 44
3 3 0 [13, 17, 23, 3] ; 11670928 ; 0.8888888955116272 ; 0.7777777777777778 ; 683582 ;  4 _ 50
3 3 0 [13, 17, 25, 3] ; 8030194 ; 0.9259259104728699 ; 0.9259259259259259 ; 1671824 ;  2 _ 72
3 3 0 [13, 17, 27, 3] ; 9973465 ; 0.8888888955116272 ; 0.8148148148148148 ; 527343 ;  2 _ 74
3 3 0 [13, 19, 13, 3] ; 14281174 ; 0.9629629850387573 ; 0.7407407407407407 ; 619399 ;  3 _ 51
3 3 0 [13, 19, 15, 3] ; 5211053 ; 0.7777777910232544 ; 0.8518518518518519 ; 460839 ;  2 _ 64
3 3 0 [13, 19, 17, 3] ; 12511284 ; 0.9629629850387573 ; 0.8148148148148148 ; 458455 ;  2 _ 67
3 3 0 [13, 19, 19, 3] ; 10919063 ; 1.0 ; 0.8518518518518519 ; 2550084 ;  3 _ 57
3 3 0 [13, 19, 21, 3] ; 12082411 ; 0.9629629850387573 ; 0.8888888888888888 ; 631678 ;  8 _ 37
3 3 0 [13, 19, 23, 3] ; 16399375 ; 0.9629629850387573 ; 0.7777777777777778 ; 3093192 ;  3 _ 61
3 3 0 [13, 19, 25, 3] ; 13382695 ; 0.9259259104728699 ; 0.8148148148148148 ; 789632 ;  6 _ 45
3 3 0 [13, 19, 27, 3] ; 12917904 ; 0.9259259104728699 ; 0.8518518518518519 ; 787962 ;  4 _ 56
3 3 0 [13, 21, 13, 3] ; 7409454 ; 0.9629629850387573 ; 0.7777777777777778 ; 806679 ;  3 _ 53
3 3 0 [13, 21, 15, 3] ; 8219926 ; 0.8888888955116272 ; 0.7777777777777778 ; 459472 ;  2 _ 67
3 3 0 [13, 21, 17, 3] ; 6690048 ; 0.8888888955116272 ; 0.9259259259259259 ; 517077 ;  2 _ 70
3 3 0 [13, 21, 19, 3] ; 13759377 ; 0.8888888955116272 ; 0.8148148148148148 ; 499045 ;  6 _ 43
3 3 0 [13, 21, 21, 3] ; 13210126 ; 0.9629629850387573 ; 0.7777777777777778 ; 327233 ;  2 _ 75
3 3 0 [13, 21, 23, 3] ; 6976112 ; 0.7777777910232544 ; 0.8148148148148148 ; 1556651 ;  2 _ 77
3 3 0 [13, 21, 25, 3] ; 13055953 ; 0.9259259104728699 ; 0.7777777777777778 ; 509854 ;  2 _ 80
3 3 0 [13, 21, 27, 3] ; 11567833 ; 0.8888888955116272 ; 0.7777777777777778 ; 1255874 ;  3 _ 67
3 4 0 [13, 9, 3] ; 7446180 ; 0.9259259104728699 ; 0.8888888888888888 ; 191563 ;  2 _ 33
3 4 0 [13, 11, 3] ; 5889565 ; 1.0 ; 0.8888888888888888 ; 197167 ;  2 _ 37
3 4 0 [13, 13, 3] ; 6277455 ; 1.0 ; 0.8148148148148148 ; 332125 ;  2 _ 41
3 4 0 [13, 15, 3] ; 4435616 ; 1.0 ; 0.7777777777777778 ; 226618 ;  2 _ 44
3 4 0 [13, 17, 3] ; 4985027 ; 0.9629629850387573 ; 0.8148148148148148 ; 394810 ;  2 _ 47
3 4 0 [13, 19, 3] ; 6223260 ; 0.9259259104728699 ; 0.8148148148148148 ; 912873 ;  4 _ 36
3 4 0 [13, 21, 3] ; 2596863 ; 0.9629629850387573 ; 0.7777777777777778 ; 272717 ;  2 _ 53
3 4 0 [13, 23, 3] ; 4030100 ; 0.9259259104728699 ; 0.7777777777777778 ; 839189 ;  3 _ 46
3 4 0 [13, 25, 3] ; 3790204 ; 0.9629629850387573 ; 0.8148148148148148 ; 457068 ;  9 _ 28
3 4 0 [13, 27, 3] ; 5617880 ; 1.0 ; 0.8518518518518519 ; 276739 ;  2 _ 60
3 4 0 [13, 13, 13, 3] ; 9215012 ; 0.8888888955116272 ; 0.7777777777777778 ; 859316 ;  4 _ 40
3 4 0 [13, 13, 15, 3] ; 12368146 ; 0.9259259104728699 ; 0.8518518518518519 ; 447644 ;  3 _ 48
3 4 0 [13, 13, 17, 3] ; 8886168 ; 0.9629629850387573 ; 0.8148148148148148 ; 412983 ;  5 _ 39
3 4 0 [13, 13, 19, 3] ; 11704204 ; 0.8518518805503845 ; 0.9259259259259259 ; 305265 ;  2 _ 63
3 4 0 [13, 13, 21, 3] ; 19145626 ; 0.9629629850387573 ; 0.8518518518518519 ; 1095408 ;  3 _ 54
3 4 0 [13, 13, 23, 3] ; 11966521 ; 1.0 ; 0.8888888888888888 ; 508240 ;  2 _ 67
3 4 0 [13, 13, 25, 3] ; 14238127 ; 0.8518518805503845 ; 0.7777777777777778 ; 430588 ;  4 _ 50
3 4 0 [13, 13, 27, 3] ; 12158063 ; 0.9629629850387573 ; 0.8148148148148148 ; 1894610 ;  2 _ 72
3 4 0 [13, 15, 13, 3] ; 14457373 ; 0.8148148059844971 ; 0.8148148148148148 ; 542352 ;  10 _ 28
3 4 0 [13, 15, 15, 3] ; 11841213 ; 0.8148148059844971 ; 0.8148148148148148 ; 622758 ;  6 _ 37
3 4 0 [13, 15, 17, 3] ; 6438043 ; 0.9259259104728699 ; 0.8148148148148148 ; 490314 ;  2 _ 65
3 4 0 [13, 15, 19, 3] ; 7986723 ; 0.9629629850387573 ; 0.8518518518518519 ; 641212 ;  9 _ 33
3 4 0 [13, 15, 21, 3] ; 8379535 ; 0.9259259104728699 ; 0.8148148148148148 ; 621934 ;  4 _ 50
3 4 0 [13, 15, 23, 3] ; 15850943 ; 0.9629629850387573 ; 0.8518518518518519 ; 594643 ;  2 _ 72
3 4 0 [13, 15, 25, 3] ; 9402371 ; 0.9629629850387573 ; 0.7777777777777778 ; 569126 ;  2 _ 74
3 4 0 [13, 15, 27, 3] ; 14448106 ; 0.8888888955116272 ; 0.8148148148148148 ; 605626 ;  2 _ 76
3 4 0 [13, 17, 13, 3] ; 10532859 ; 0.8518518805503845 ; 0.8148148148148148 ; 1272316 ;  2 _ 64
3 4 0 [13, 17, 15, 3] ; 10360109 ; 0.8888888955116272 ; 0.8148148148148148 ; 493121 ;  2 _ 66
3 4 0 [13, 17, 17, 3] ; 10586771 ; 0.8518518805503845 ; 0.7407407407407407 ; 513981 ;  2 _ 69
3 4 0 [13, 17, 19, 3] ; 12451939 ; 1.0 ; 0.8148148148148148 ; 531438 ;  2 _ 72
3 4 0 [13, 17, 21, 3] ; 10922817 ; 0.8518518805503845 ; 0.9259259259259259 ; 2229676 ;  2 _ 74
3 4 0 [13, 17, 23, 3] ; 8390129 ; 0.7777777910232544 ; 0.7407407407407407 ; 1287579 ;  4 _ 55
3 4 0 [13, 17, 25, 3] ; 12872084 ; 0.8888888955116272 ; 0.7777777777777778 ; 613907 ;  2 _ 79
3 4 0 [13, 17, 27, 3] ; 15089279 ; 0.9629629850387573 ; 0.8148148148148148 ; 1192495 ;  11 _ 36
3 4 0 [13, 19, 13, 3] ; 11832978 ; 0.9629629850387573 ; 0.8888888888888888 ; 530392 ;  2 _ 67
3 4 0 [13, 19, 15, 3] ; 10497216 ; 0.8518518805503845 ; 0.8518518518518519 ; 516983 ;  2 _ 70
3 4 0 [13, 19, 17, 3] ; 15021871 ; 1.0 ; 0.8518518518518519 ; 586128 ;  2 _ 73
3 4 0 [13, 19, 19, 3] ; 13727824 ; 0.9629629850387573 ; 0.8148148148148148 ; 1304005 ;  4 _ 54
3 4 0 [13, 19, 21, 3] ; 17384576 ; 0.9629629850387573 ; 0.8148148148148148 ; 1142272 ;  3 _ 64
3 4 0 [13, 19, 23, 3] ; 17807878 ; 0.9629629850387573 ; 0.7777777777777778 ; 1780748 ;  4 _ 58
3 4 0 [13, 19, 25, 3] ; 11916651 ; 0.9629629850387573 ; 0.8518518518518519 ; 988354 ;  9 _ 40
3 4 0 [13, 19, 27, 3] ; 13421425 ; 0.9259259104728699 ; 0.8518518518518519 ; 573537 ;  2 _ 85
3 4 0 [13, 21, 13, 3] ; 15442099 ; 0.9259259104728699 ; 0.8148148148148148 ; 520045 ;  2 _ 71
3 4 0 [13, 21, 15, 3] ; 11447970 ; 0.9629629850387573 ; 0.8148148148148148 ; 3103329 ;  3 _ 61
3 4 0 [13, 21, 17, 3] ; 18750295 ; 0.9259259104728699 ; 0.8148148148148148 ; 2213766 ;  2 _ 76
3 4 0 [13, 21, 19, 3] ; 12893906 ; 0.8518518805503845 ; 0.7777777777777778 ; 628758 ;  2 _ 79
3 4 0 [13, 21, 21, 3] ; 15097072 ; 0.9629629850387573 ; 0.8148148148148148 ; 1258982 ;  3 _ 67
3 4 0 [13, 21, 23, 3] ; 23536514 ; 0.8888888955116272 ; 0.7407407407407407 ; 965641 ;  7 _ 46
3 4 0 [13, 21, 25, 3] ; 14856984 ; 0.9629629850387573 ; 0.7777777777777778 ; 641078 ;  2 _ 87
3 4 0 [13, 21, 27, 3] ; 13679827 ; 0.9259259104728699 ; 0.7777777777777778 ; 3078348 ;  5 _ 58
3 5 0 [13, 9, 3] ; 4283144 ; 0.8888888955116272 ; 0.8518518518518519 ; 608460 ;  3 _ 30
3 5 0 [13, 11, 3] ; 6694991 ; 0.8888888955116272 ; 0.7777777777777778 ; 237698 ;  4 _ 29
3 5 0 [13, 13, 3] ; 7653566 ; 0.9259259104728699 ; 0.8888888888888888 ; 300684 ;  2 _ 44
3 5 0 [13, 15, 3] ; 4854581 ; 0.8888888955116272 ; 0.8518518518518519 ; 296584 ;  2 _ 47
3 5 0 [13, 17, 3] ; 5886186 ; 0.9259259104728699 ; 0.7777777777777778 ; 313400 ;  2 _ 51
3 5 0 [13, 19, 3] ; 5929252 ; 0.9259259104728699 ; 0.8518518518518519 ; 276052 ;  2 _ 54
3 5 0 [13, 21, 3] ; 6188497 ; 0.9629629850387573 ; 0.8148148148148148 ; 447553 ;  2 _ 57
3 5 0 [13, 23, 3] ; 4360915 ; 0.9259259104728699 ; 0.8148148148148148 ; 619200 ;  3 _ 49
3 5 0 [13, 25, 3] ; 6830770 ; 0.9259259104728699 ; 0.8148148148148148 ; 311132 ;  2 _ 62
3 5 0 [13, 27, 3] ; 6147899 ; 0.9629629850387573 ; 0.9259259259259259 ; 561714 ;  2 _ 65
3 5 0 [13, 13, 13, 3] ; 8082321 ; 0.7777777910232544 ; 0.8888888888888888 ; 446932 ;  6 _ 36
3 5 0 [13, 13, 15, 3] ; 12600054 ; 0.8148148059844971 ; 0.9259259259259259 ; 324241 ;  2 _ 63
3 5 0 [13, 13, 17, 3] ; 9909983 ; 0.8518518805503845 ; 0.7777777777777778 ; 1352894 ;  4 _ 47
3 5 0 [13, 13, 19, 3] ; 13407824 ; 0.9259259104728699 ; 0.8148148148148148 ; 2384908 ;  2 _ 68
3 5 0 [13, 13, 21, 3] ; 9550230 ; 0.7777777910232544 ; 0.8148148148148148 ; 581083 ;  2 _ 71
3 5 0 [13, 13, 23, 3] ; 8782351 ; 0.7407407164573669 ; 0.8148148148148148 ; 783882 ;  3 _ 60
3 5 0 [13, 13, 25, 3] ; 10022269 ; 1.0 ; 0.7777777777777778 ; 615092 ;  2 _ 75
3 5 0 [13, 13, 27, 3] ; 16546000 ; 0.9259259104728699 ; 0.8148148148148148 ; 1979041 ;  4 _ 56
3 5 0 [13, 15, 13, 3] ; 9665739 ; 0.7777777910232544 ; 0.9259259259259259 ; 1651994 ;  2 _ 65
3 5 0 [13, 15, 15, 3] ; 13742711 ; 0.8148148059844971 ; 0.8148148148148148 ; 591922 ;  2 _ 68
3 5 0 [13, 15, 17, 3] ; 15994450 ; 0.8518518805503845 ; 0.8518518518518519 ; 1033015 ;  3 _ 58
3 5 0 [13, 15, 19, 3] ; 15890945 ; 0.9259259104728699 ; 0.7777777777777778 ; 1245680 ;  4 _ 52
3 5 0 [13, 15, 21, 3] ; 8309236 ; 0.7037037014961243 ; 0.8888888888888888 ; 634263 ;  2 _ 75
3 5 0 [13, 15, 23, 3] ; 13957838 ; 0.9259259104728699 ; 0.8148148148148148 ; 1029717 ;  3 _ 64
3 5 0 [13, 15, 25, 3] ; 13586284 ; 0.9629629850387573 ; 0.7777777777777778 ; 1582860 ;  2 _ 80
3 5 0 [13, 15, 27, 3] ; 8892797 ; 0.7777777910232544 ; 0.8148148148148148 ; 661172 ;  2 _ 83
3 5 0 [13, 17, 13, 3] ; 14115553 ; 0.8888888955116272 ; 0.8518518518518519 ; 936711 ;  3 _ 57
3 5 0 [13, 17, 15, 3] ; 17972195 ; 0.9259259104728699 ; 0.7777777777777778 ; 431817 ;  4 _ 52
3 5 0 [13, 17, 17, 3] ; 16483051 ; 0.8518518805503845 ; 0.8148148148148148 ; 2788551 ;  2 _ 75
3 5 0 [13, 17, 19, 3] ; 11811997 ; 0.8518518805503845 ; 0.8888888888888888 ; 637984 ;  2 _ 77
3 5 0 [13, 17, 21, 3] ; 13156508 ; 0.8148148059844971 ; 0.8148148148148148 ; 945961 ;  7 _ 44
3 5 0 [13, 17, 23, 3] ; 14777493 ; 0.9629629850387573 ; 0.7777777777777778 ; 741381 ;  4 _ 59
3 5 0 [13, 17, 25, 3] ; 13880178 ; 0.8888888955116272 ; 0.8518518518518519 ; 690511 ;  2 _ 85
3 5 0 [13, 17, 27, 3] ; 16647069 ; 0.9259259104728699 ; 0.7777777777777778 ; 696050 ;  2 _ 87
3 5 0 [13, 19, 13, 3] ; 9483301 ; 0.9259259104728699 ; 0.7777777777777778 ; 1509806 ;  2 _ 73
3 5 0 [13, 19, 15, 3] ; 8363868 ; 0.7407407164573669 ; 0.7777777777777778 ; 1806205 ;  3 _ 62
3 5 0 [13, 19, 17, 3] ; 13279391 ; 0.8518518805503845 ; 0.8148148148148148 ; 1242066 ;  3 _ 65
3 5 0 [13, 19, 19, 3] ; 7766288 ; 0.7777777910232544 ; 0.8148148148148148 ; 1054557 ;  8 _ 42
3 5 0 [13, 19, 21, 3] ; 14559880 ; 0.8888888955116272 ; 0.7777777777777778 ; 726327 ;  2 _ 84
3 5 0 [13, 19, 23, 3] ; 9203854 ; 0.9629629850387573 ; 0.8148148148148148 ; 1688521 ;  2 _ 87
3 5 0 [13, 19, 25, 3] ; 17949539 ; 0.9259259104728699 ; 0.8148148148148148 ; 4063728 ;  8 _ 46
3 5 0 [13, 19, 27, 3] ; 14404746 ; 1.0 ; 0.8148148148148148 ; 759030 ;  2 _ 92
3 5 0 [13, 21, 13, 3] ; 10079008 ; 0.8518518805503845 ; 0.7777777777777778 ; 2165431 ;  2 _ 76
3 5 0 [13, 21, 15, 3] ; 8770731 ; 0.7037037014961243 ; 0.8518518518518519 ; 1267701 ;  3 _ 65
3 5 0 [13, 21, 17, 3] ; 7047055 ; 0.7407407164573669 ; 0.8148148148148148 ; 663960 ;  2 _ 83
3 5 0 [13, 21, 19, 3] ; 7279063 ; 0.7777777910232544 ; 0.7777777777777778 ; 691399 ;  2 _ 86
3 5 0 [13, 21, 21, 3] ; 15023031 ; 0.8888888955116272 ; 0.8148148148148148 ; 707157 ;  2 _ 88
3 5 0 [13, 21, 23, 3] ; 13421418 ; 0.8518518805503845 ; 0.7777777777777778 ; 790853 ;  2 _ 91
3 5 0 [13, 21, 25, 3] ; 19137967 ; 1.0 ; 0.8518518518518519 ; 5421857 ;  4 _ 67
3 5 0 [13, 21, 27, 3] ; 13074158 ; 0.7407407164573669 ; 0.7407407407407407 ; 15772755 ;  3 _ 80
5 2 0 [13, 9, 3] ; 1905089 ; 1.0 ; 0.7777777777777778 ; 213325 ;  2 _ 29
5 2 0 [13, 11, 3] ; 2363521 ; 0.9629629850387573 ; 0.8888888888888888 ; 237697 ;  2 _ 32
5 2 0 [13, 13, 3] ; 5641211 ; 0.8148148059844971 ; 0.8518518518518519 ; 230896 ;  2 _ 36
5 2 0 [13, 15, 3] ; 2726654 ; 0.9629629850387573 ; 0.8148148148148148 ; 524438 ;  3 _ 32
5 2 0 [13, 17, 3] ; 7041651 ; 0.8888888955116272 ; 0.8518518518518519 ; 294265 ;  2 _ 41
5 2 0 [13, 19, 3] ; 3355350 ; 0.9629629850387573 ; 0.7777777777777778 ; 360311 ;  2 _ 44
5 2 0 [13, 21, 3] ; 10822909 ; 0.9259259104728699 ; 0.9259259259259259 ; 330646 ;  2 _ 46
5 2 0 [13, 23, 3] ; 2316650 ; 1.0 ; 0.8518518518518519 ; 663668 ;  3 _ 40
5 2 0 [13, 25, 3] ; 5961166 ; 0.9629629850387573 ; 0.7777777777777778 ; 390847 ;  2 _ 51
5 2 0 [13, 27, 3] ; 8896578 ; 0.9259259104728699 ; 0.8148148148148148 ; 412699 ;  2 _ 53
5 2 0 [13, 13, 13, 3] ; 9016267 ; 0.9629629850387573 ; 0.7777777777777778 ; 399536 ;  2 _ 49
5 2 0 [13, 13, 15, 3] ; 7020625 ; 0.8518518805503845 ; 0.9259259259259259 ; 286045 ;  2 _ 51
5 2 0 [13, 13, 17, 3] ; 7140437 ; 0.8518518805503845 ; 0.8518518518518519 ; 311824 ;  2 _ 54
5 2 0 [13, 13, 19, 3] ; 9817319 ; 0.8518518805503845 ; 0.7777777777777778 ; 304803 ;  2 _ 56
5 2 0 [13, 13, 21, 3] ; 8424684 ; 0.8148148059844971 ; 0.8518518518518519 ; 465811 ;  6 _ 34
5 2 0 [13, 13, 23, 3] ; 16230843 ; 0.9259259104728699 ; 0.8888888888888888 ; 421228 ;  6 _ 35
5 2 0 [13, 13, 25, 3] ; 9453773 ; 0.8518518805503845 ; 0.8148148148148148 ; 356461 ;  2 _ 61
5 2 0 [13, 13, 27, 3] ; 5838448 ; 0.7407407164573669 ; 0.7777777777777778 ; 584291 ;  3 _ 52
5 2 0 [13, 15, 13, 3] ; 13254137 ; 0.8518518805503845 ; 0.8888888888888888 ; 640085 ;  3 _ 44
5 2 0 [13, 15, 15, 3] ; 8137346 ; 0.8148148059844971 ; 0.8148148148148148 ; 327103 ;  2 _ 55
5 2 0 [13, 15, 17, 3] ; 6077487 ; 0.9259259104728699 ; 0.8518518518518519 ; 330437 ;  2 _ 57
5 2 0 [13, 15, 19, 3] ; 7368001 ; 0.9259259104728699 ; 0.8518518518518519 ; 352922 ;  2 _ 60
5 2 0 [13, 15, 21, 3] ; 10604714 ; 0.9259259104728699 ; 0.8148148148148148 ; 644254 ;  3 _ 51
5 2 0 [13, 15, 23, 3] ; 10768505 ; 0.8888888955116272 ; 0.8148148148148148 ; 1002160 ;  3 _ 53
5 2 0 [13, 15, 25, 3] ; 8945549 ; 0.8518518805503845 ; 0.7777777777777778 ; 670551 ;  5 _ 42
5 2 0 [13, 15, 27, 3] ; 13598714 ; 0.9259259104728699 ; 0.8148148148148148 ; 1086131 ;  3 _ 56
5 2 0 [13, 17, 13, 3] ; 8194504 ; 0.9259259104728699 ; 0.7777777777777778 ; 391936 ;  6 _ 33
5 2 0 [13, 17, 15, 3] ; 9601674 ; 0.8518518805503845 ; 0.7407407407407407 ; 448735 ;  2 _ 59
5 2 0 [13, 17, 17, 3] ; 10117652 ; 0.8148148059844971 ; 0.8148148148148148 ; 390744 ;  2 _ 61
5 2 0 [13, 17, 19, 3] ; 10999453 ; 0.8148148059844971 ; 0.7777777777777778 ; 495181 ;  5 _ 41
5 2 0 [13, 17, 21, 3] ; 5199277 ; 0.7777777910232544 ; 0.8518518518518519 ; 584295 ;  2 _ 65
5 2 0 [13, 17, 23, 3] ; 8400828 ; 0.7777777910232544 ; 0.8148148148148148 ; 2219165 ;  3 _ 56
5 2 0 [13, 17, 25, 3] ; 14915504 ; 0.8518518805503845 ; 0.8148148148148148 ; 605616 ;  2 _ 70
5 2 0 [13, 17, 27, 3] ; 10467257 ; 0.8518518805503845 ; 0.7407407407407407 ; 654631 ;  2 _ 72
5 2 0 [13, 19, 13, 3] ; 9829741 ; 0.8148148059844971 ; 0.7407407407407407 ; 348249 ;  4 _ 43
5 2 0 [13, 19, 15, 3] ; 5624007 ; 0.8888888955116272 ; 0.8518518518518519 ; 685234 ;  3 _ 51
5 2 0 [13, 19, 17, 3] ; 6359021 ; 0.7777777910232544 ; 0.8518518518518519 ; 460179 ;  4 _ 46
5 2 0 [13, 19, 19, 3] ; 9138498 ; 0.9629629850387573 ; 0.8148148148148148 ; 651467 ;  2 _ 67
5 2 0 [13, 19, 21, 3] ; 10753845 ; 0.9259259104728699 ; 0.8518518518518519 ; 646406 ;  9 _ 34
5 2 0 [13, 19, 23, 3] ; 7499921 ; 0.8518518805503845 ; 0.8148148148148148 ; 520568 ;  5 _ 46
5 2 0 [13, 19, 25, 3] ; 25728593 ; 0.9259259104728699 ; 0.8888888888888888 ; 655056 ;  2 _ 73
5 2 0 [13, 19, 27, 3] ; 20127567 ; 1.0 ; 0.7777777777777778 ; 734732 ;  2 _ 75
5 2 0 [13, 21, 13, 3] ; 6859335 ; 0.8518518805503845 ; 0.7777777777777778 ; 386106 ;  2 _ 62
5 2 0 [13, 21, 15, 3] ; 7393576 ; 0.8888888955116272 ; 0.8518518518518519 ; 618515 ;  2 _ 65
5 2 0 [13, 21, 17, 3] ; 5365264 ; 0.7777777910232544 ; 0.7777777777777778 ; 661344 ;  2 _ 68
5 2 0 [13, 21, 19, 3] ; 5417802 ; 0.7777777910232544 ; 0.8518518518518519 ; 623452 ;  2 _ 70
5 2 0 [13, 21, 21, 3] ; 9631527 ; 0.8518518805503845 ; 0.7777777777777778 ; 1271596 ;  3 _ 60
5 2 0 [13, 21, 23, 3] ; 7485449 ; 0.8888888955116272 ; 0.7777777777777778 ; 3127940 ;  3 _ 62
5 2 0 [13, 21, 25, 3] ; 14445086 ; 0.8148148059844971 ; 0.8518518518518519 ; 1169882 ;  3 _ 63
5 2 0 [13, 21, 27, 3] ; 6756981 ; 0.7777777910232544 ; 0.8518518518518519 ; 1717467 ;  2 _ 79
5 3 0 [13, 9, 3] ; 2481246 ; 0.9259259104728699 ; 0.8518518518518519 ; 283631 ;  2 _ 32
5 3 0 [13, 11, 3] ; 2247775 ; 1.0 ; 0.8518518518518519 ; 758496 ;  3 _ 30
5 3 0 [13, 13, 3] ; 5895774 ; 0.9259259104728699 ; 0.8148148148148148 ; 488730 ;  3 _ 33
5 3 0 [13, 15, 3] ; 4669842 ; 0.9259259104728699 ; 0.8518518518518519 ; 299262 ;  2 _ 43
5 3 0 [13, 17, 3] ; 6510272 ; 0.9259259104728699 ; 0.8148148148148148 ; 811642 ;  3 _ 38
5 3 0 [13, 19, 3] ; 5942092 ; 0.9259259104728699 ; 0.8518518518518519 ; 343550 ;  4 _ 35
5 3 0 [13, 21, 3] ; 5755238 ; 0.9259259104728699 ; 0.7777777777777778 ; 346249 ;  2 _ 51
5 3 0 [13, 23, 3] ; 6075278 ; 0.9259259104728699 ; 0.8518518518518519 ; 363267 ;  2 _ 54
5 3 0 [13, 25, 3] ; 4534028 ; 0.8888888955116272 ; 0.7777777777777778 ; 622890 ;  3 _ 46
5 3 0 [13, 27, 3] ; 6093503 ; 0.9629629850387573 ; 0.7777777777777778 ; 407993 ;  5 _ 38
5 3 0 [13, 13, 13, 3] ; 8021091 ; 0.8148148059844971 ; 0.8518518518518519 ; 313181 ;  2 _ 54
5 3 0 [13, 13, 15, 3] ; 10326264 ; 0.8888888955116272 ; 0.8148148148148148 ; 989812 ;  4 _ 41
5 3 0 [13, 13, 17, 3] ; 11393807 ; 0.8888888955116272 ; 0.8518518518518519 ; 692304 ;  3 _ 49
5 3 0 [13, 13, 19, 3] ; 9592762 ; 0.9259259104728699 ; 0.7777777777777778 ; 485269 ;  2 _ 61
5 3 0 [13, 13, 21, 3] ; 10533581 ; 0.8888888955116272 ; 0.8148148148148148 ; 506141 ;  2 _ 63
5 3 0 [13, 13, 23, 3] ; 6715680 ; 0.7777777910232544 ; 0.7777777777777778 ; 1632064 ;  2 _ 66
5 3 0 [13, 13, 25, 3] ; 13019847 ; 0.8518518805503845 ; 0.8148148148148148 ; 647944 ;  2 _ 68
5 3 0 [13, 13, 27, 3] ; 19640282 ; 0.9259259104728699 ; 0.8148148148148148 ; 1879227 ;  2 _ 70
5 3 0 [13, 15, 13, 3] ; 9766046 ; 0.8888888955116272 ; 0.8148148148148148 ; 812106 ;  3 _ 48
5 3 0 [13, 15, 15, 3] ; 10548862 ; 0.8518518805503845 ; 0.8148148148148148 ; 490864 ;  2 _ 61
5 3 0 [13, 15, 17, 3] ; 15391993 ; 0.9629629850387573 ; 0.7777777777777778 ; 340884 ;  2 _ 63
5 3 0 [13, 15, 19, 3] ; 13955858 ; 0.8518518805503845 ; 0.8888888888888888 ; 1015266 ;  3 _ 54
5 3 0 [13, 15, 21, 3] ; 11859987 ; 0.8518518805503845 ; 0.8148148148148148 ; 2058907 ;  2 _ 68
5 3 0 [13, 15, 23, 3] ; 16245271 ; 0.9629629850387573 ; 0.8148148148148148 ; 691749 ;  2 _ 70
5 3 0 [13, 15, 25, 3] ; 13891800 ; 0.9259259104728699 ; 0.8518518518518519 ; 677149 ;  2 _ 72
5 3 0 [13, 15, 27, 3] ; 13353304 ; 0.8518518805503845 ; 0.8518518518518519 ; 708053 ;  2 _ 74
5 3 0 [13, 17, 13, 3] ; 7257301 ; 0.8518518805503845 ; 0.8518518518518519 ; 703720 ;  3 _ 51
5 3 0 [13, 17, 15, 3] ; 7820974 ; 0.7777777910232544 ; 0.8148148148148148 ; 649714 ;  2 _ 65
5 3 0 [13, 17, 17, 3] ; 16495123 ; 0.9259259104728699 ; 0.8518518518518519 ; 1034113 ;  3 _ 55
5 3 0 [13, 17, 19, 3] ; 9385485 ; 0.8148148059844971 ; 0.8518518518518519 ; 698579 ;  2 _ 70
5 3 0 [13, 17, 21, 3] ; 14494682 ; 0.9259259104728699 ; 0.7777777777777778 ; 1162567 ;  2 _ 72
5 3 0 [13, 17, 23, 3] ; 18189430 ; 0.9629629850387573 ; 0.8148148148148148 ; 662436 ;  4 _ 53
5 3 0 [13, 17, 25, 3] ; 9963513 ; 0.8518518805503845 ; 0.8518518518518519 ; 935425 ;  2 _ 77
5 3 0 [13, 17, 27, 3] ; 16308147 ; 0.9629629850387573 ; 0.7777777777777778 ; 884431 ;  6 _ 46
5 3 0 [13, 19, 13, 3] ; 14855710 ; 0.9259259104728699 ; 0.7777777777777778 ; 456679 ;  6 _ 39
5 3 0 [13, 19, 15, 3] ; 6547274 ; 0.8148148059844971 ; 0.7777777777777778 ; 709075 ;  2 _ 68
5 3 0 [13, 19, 17, 3] ; 7792175 ; 0.7777777910232544 ; 0.8148148148148148 ; 693435 ;  2 _ 71
5 3 0 [13, 19, 19, 3] ; 5919376 ; 0.7777777910232544 ; 0.8518518518518519 ; 714376 ;  2 _ 73
5 3 0 [13, 19, 21, 3] ; 7306148 ; 0.8888888955116272 ; 0.7407407407407407 ; 2110405 ;  4 _ 55
5 3 0 [13, 19, 23, 3] ; 9434956 ; 0.8888888955116272 ; 0.7777777777777778 ; 1356321 ;  3 _ 65
5 3 0 [13, 19, 25, 3] ; 15823741 ; 0.9629629850387573 ; 0.7777777777777778 ; 4810890 ;  3 _ 67
5 3 0 [13, 19, 27, 3] ; 14564672 ; 0.8518518805503845 ; 0.7777777777777778 ; 1767346 ;  5 _ 53
5 3 0 [13, 21, 13, 3] ; 17725607 ; 0.9259259104728699 ; 0.7777777777777778 ; 717580 ;  2 _ 69
5 3 0 [13, 21, 15, 3] ; 14208962 ; 0.8888888955116272 ; 0.8148148148148148 ; 742719 ;  2 _ 71
5 3 0 [13, 21, 17, 3] ; 7906840 ; 0.8518518805503845 ; 0.7777777777777778 ; 2067695 ;  4 _ 53
5 3 0 [13, 21, 19, 3] ; 10256346 ; 0.8148148059844971 ; 0.8518518518518519 ; 744512 ;  2 _ 77
5 3 0 [13, 21, 21, 3] ; 15162401 ; 0.9629629850387573 ; 0.7777777777777778 ; 1059835 ;  2 _ 80
5 3 0 [13, 21, 23, 3] ; 20186702 ; 0.9259259104728699 ; 0.8888888888888888 ; 8287606 ;  4 _ 59
5 3 0 [13, 21, 25, 3] ; 18998186 ; 0.9629629850387573 ; 0.7777777777777778 ; 841393 ;  4 _ 61
5 3 0 [13, 21, 27, 3] ; 20258935 ; 0.9629629850387573 ; 0.8518518518518519 ; 6599143 ;  3 _ 72
5 4 0 [13, 9, 3] ; 3034316 ; 0.9629629850387573 ; 0.8518518518518519 ; 519553 ;  3 _ 29
5 4 0 [13, 11, 3] ; 5528134 ; 0.8518518805503845 ; 0.9259259259259259 ; 239461 ;  2 _ 39
5 4 0 [13, 13, 3] ; 9097251 ; 0.9259259104728699 ; 0.8888888888888888 ; 325358 ;  2 _ 43
5 4 0 [13, 15, 3] ; 5842441 ; 0.8888888955116272 ; 0.7407407407407407 ; 331839 ;  2 _ 46
5 4 0 [13, 17, 3] ; 6898197 ; 1.0 ; 0.8518518518518519 ; 264442 ;  2 _ 49
5 4 0 [13, 19, 3] ; 8617375 ; 0.9259259104728699 ; 0.8148148148148148 ; 774497 ;  3 _ 43
5 4 0 [13, 21, 3] ; 6867665 ; 0.9259259104728699 ; 0.9259259259259259 ; 333656 ;  2 _ 55
5 4 0 [13, 23, 3] ; 4710053 ; 0.9629629850387573 ; 0.7777777777777778 ; 752025 ;  3 _ 48
5 4 0 [13, 25, 3] ; 7321815 ; 0.9259259104728699 ; 0.8888888888888888 ; 376186 ;  2 _ 61
5 4 0 [13, 27, 3] ; 6035503 ; 0.9259259104728699 ; 0.7777777777777778 ; 827031 ;  3 _ 52
5 4 0 [13, 13, 13, 3] ; 8409547 ; 0.9629629850387573 ; 0.8148148148148148 ; 819843 ;  3 _ 49
5 4 0 [13, 13, 15, 3] ; 14198995 ; 0.9259259104728699 ; 0.7777777777777778 ; 394524 ;  2 _ 62
5 4 0 [13, 13, 17, 3] ; 18048028 ; 0.9629629850387573 ; 0.7407407407407407 ; 1118517 ;  3 _ 53
5 4 0 [13, 13, 19, 3] ; 17367937 ; 0.9259259104728699 ; 0.8148148148148148 ; 890015 ;  6 _ 39
5 4 0 [13, 13, 21, 3] ; 12283114 ; 0.9259259104728699 ; 0.7407407407407407 ; 749878 ;  2 _ 69
5 4 0 [13, 13, 23, 3] ; 15887543 ; 0.8518518805503845 ; 0.8148148148148148 ; 2249966 ;  2 _ 71
5 4 0 [13, 13, 25, 3] ; 8069113 ; 0.7407407164573669 ; 0.9259259259259259 ; 952703 ;  9 _ 36
5 4 0 [13, 13, 27, 3] ; 13163575 ; 0.8518518805503845 ; 0.7777777777777778 ; 1266683 ;  3 _ 62
5 4 0 [13, 15, 13, 3] ; 6746795 ; 0.8148148059844971 ; 0.8148148148148148 ; 765202 ;  10 _ 29
5 4 0 [13, 15, 15, 3] ; 14410804 ; 0.9259259104728699 ; 0.8518518518518519 ; 888154 ;  5 _ 43
5 4 0 [13, 15, 17, 3] ; 12449248 ; 0.8888888955116272 ; 0.8148148148148148 ; 880884 ;  5 _ 44
5 4 0 [13, 15, 19, 3] ; 12374656 ; 0.9259259104728699 ; 0.8518518518518519 ; 1024633 ;  3 _ 59
5 4 0 [13, 15, 21, 3] ; 11827197 ; 0.8888888955116272 ; 0.9259259259259259 ; 756963 ;  2 _ 74
5 4 0 [13, 15, 23, 3] ; 14782056 ; 0.9259259104728699 ; 0.8148148148148148 ; 792172 ;  2 _ 76
5 4 0 [13, 15, 25, 3] ; 9156199 ; 0.8518518805503845 ; 0.7777777777777778 ; 4000851 ;  3 _ 65
5 4 0 [13, 15, 27, 3] ; 11609959 ; 0.8888888955116272 ; 0.8148148148148148 ; 769821 ;  2 _ 81
5 4 0 [13, 17, 13, 3] ; 7358054 ; 0.8518518805503845 ; 0.8888888888888888 ; 1493722 ;  2 _ 67
5 4 0 [13, 17, 15, 3] ; 12419600 ; 0.8518518805503845 ; 0.7777777777777778 ; 1161045 ;  3 _ 58
5 4 0 [13, 17, 17, 3] ; 12878142 ; 0.8148148059844971 ; 0.8148148148148148 ; 736078 ;  2 _ 73
5 4 0 [13, 17, 19, 3] ; 14501774 ; 0.8888888955116272 ; 0.8148148148148148 ; 1687166 ;  4 _ 54
5 4 0 [13, 17, 21, 3] ; 12956701 ; 0.8888888955116272 ; 0.8148148148148148 ; 818526 ;  2 _ 78
5 4 0 [13, 17, 23, 3] ; 13281928 ; 0.8888888955116272 ; 0.8518518518518519 ; 825666 ;  2 _ 81
5 4 0 [13, 17, 25, 3] ; 12274341 ; 0.9259259104728699 ; 0.7777777777777778 ; 912773 ;  2 _ 83
5 4 0 [13, 17, 27, 3] ; 9886023 ; 0.8148148059844971 ; 0.8518518518518519 ; 736625 ;  4 _ 61
5 4 0 [13, 19, 13, 3] ; 15126054 ; 0.8888888955116272 ; 0.8518518518518519 ; 446104 ;  4 _ 51
5 4 0 [13, 19, 15, 3] ; 7771284 ; 0.7777777910232544 ; 0.8518518518518519 ; 960092 ;  7 _ 40
5 4 0 [13, 19, 17, 3] ; 12968523 ; 0.9629629850387573 ; 0.8888888888888888 ; 771761 ;  2 _ 77
5 4 0 [13, 19, 19, 3] ; 7057100 ; 0.8148148059844971 ; 0.8888888888888888 ; 1707051 ;  2 _ 80
5 4 0 [13, 19, 21, 3] ; 13523008 ; 0.8518518805503845 ; 0.7777777777777778 ; 8868531 ;  4 _ 59
5 4 0 [13, 19, 23, 3] ; 12426126 ; 0.8888888955116272 ; 0.7777777777777778 ; 831462 ;  2 _ 85
5 4 0 [13, 19, 25, 3] ; 10697671 ; 0.8148148059844971 ; 0.8888888888888888 ; 912097 ;  2 _ 87
5 4 0 [13, 19, 27, 3] ; 10886966 ; 0.8518518805503845 ; 0.7777777777777778 ; 868257 ;  2 _ 90
5 4 0 [13, 21, 13, 3] ; 10684197 ; 0.8888888955116272 ; 0.7777777777777778 ; 2167074 ;  2 _ 74
5 4 0 [13, 21, 15, 3] ; 8227011 ; 0.7407407164573669 ; 0.8888888888888888 ; 922318 ;  2 _ 78
5 4 0 [13, 21, 17, 3] ; 16332851 ; 0.9259259104728699 ; 0.8518518518518519 ; 2017578 ;  2 _ 81
5 4 0 [13, 21, 19, 3] ; 9626939 ; 0.8148148059844971 ; 0.7777777777777778 ; 888457 ;  2 _ 83
5 4 0 [13, 21, 21, 3] ; 17339839 ; 0.8518518805503845 ; 0.8148148148148148 ; 851909 ;  2 _ 86
5 4 0 [13, 21, 23, 3] ; 13717387 ; 0.8888888955116272 ; 0.9259259259259259 ; 1406390 ;  2 _ 89
5 4 0 [13, 21, 25, 3] ; 11170240 ; 0.9259259104728699 ; 0.7777777777777778 ; 776641 ;  2 _ 92
5 4 0 [13, 21, 27, 3] ; 15816218 ; 0.9259259104728699 ; 0.8518518518518519 ; 9632804 ;  2 _ 94
5 5 0 [13, 9, 3] ; 5283741 ; 0.8518518805503845 ; 0.8888888888888888 ; 339909 ;  2 _ 38
5 5 0 [13, 11, 3] ; 5714543 ; 0.8518518805503845 ; 0.8148148148148148 ; 286555 ;  2 _ 42
5 5 0 [13, 13, 3] ; 8365161 ; 0.9629629850387573 ; 0.7777777777777778 ; 506049 ;  3 _ 38
5 5 0 [13, 15, 3] ; 10777768 ; 0.9629629850387573 ; 0.8148148148148148 ; 332306 ;  2 _ 50
5 5 0 [13, 17, 3] ; 6504925 ; 0.8518518805503845 ; 0.8148148148148148 ; 658886 ;  5 _ 35
5 5 0 [13, 19, 3] ; 6490565 ; 0.8148148059844971 ; 0.8888888888888888 ; 341648 ;  2 _ 56
5 5 0 [13, 21, 3] ; 5934921 ; 0.8518518805503845 ; 0.8148148148148148 ; 692482 ;  3 _ 49
5 5 0 [13, 23, 3] ; 14122073 ; 1.0 ; 0.8518518518518519 ; 765239 ;  3 _ 52
5 5 0 [13, 25, 3] ; 4746321 ; 0.8888888955116272 ; 0.8148148148148148 ; 1473482 ;  2 _ 65
5 5 0 [13, 27, 3] ; 8249097 ; 0.9629629850387573 ; 0.8888888888888888 ; 775731 ;  2 _ 68
5 5 0 [13, 13, 13, 3] ; 13068294 ; 0.8518518805503845 ; 0.9259259259259259 ; 460215 ;  2 _ 63
5 5 0 [13, 13, 15, 3] ; 13032378 ; 0.8518518805503845 ; 0.8518518518518519 ; 1144702 ;  3 _ 55
5 5 0 [13, 13, 17, 3] ; 14443442 ; 0.9629629850387573 ; 0.7777777777777778 ; 773629 ;  2 _ 69
5 5 0 [13, 13, 19, 3] ; 7099744 ; 0.7407407164573669 ; 0.9259259259259259 ; 479753 ;  6 _ 42
5 5 0 [13, 13, 21, 3] ; 15859549 ; 0.8888888955116272 ; 0.8518518518518519 ; 1606146 ;  2 _ 74
5 5 0 [13, 13, 23, 3] ; 8183856 ; 0.7407407164573669 ; 0.8518518518518519 ; 2084113 ;  2 _ 76
5 5 0 [13, 13, 25, 3] ; 15559727 ; 0.9629629850387573 ; 0.8888888888888888 ; 915560 ;  4 _ 56
5 5 0 [13, 13, 27, 3] ; 9010049 ; 0.7407407164573669 ; 0.8518518518518519 ; 855516 ;  4 _ 58
5 5 0 [13, 15, 13, 3] ; 11246608 ; 0.8148148059844971 ; 0.8888888888888888 ; 781919 ;  2 _ 68
5 5 0 [13, 15, 15, 3] ; 7536040 ; 0.7777777910232544 ; 0.8518518518518519 ; 840516 ;  2 _ 71
5 5 0 [13, 15, 17, 3] ; 7338103 ; 0.8148148059844971 ; 0.8148148148148148 ; 818511 ;  2 _ 74
5 5 0 [13, 15, 19, 3] ; 8327090 ; 0.7777777910232544 ; 0.8518518518518519 ; 1981046 ;  2 _ 76
5 5 0 [13, 15, 21, 3] ; 9045231 ; 0.7777777910232544 ; 0.8518518518518519 ; 1495254 ;  3 _ 65
5 5 0 [13, 15, 23, 3] ; 13516475 ; 0.8518518805503845 ; 0.8148148148148148 ; 1515143 ;  2 _ 81
5 5 0 [13, 15, 25, 3] ; 14900484 ; 0.7777777910232544 ; 0.7777777777777778 ; 1062836 ;  2 _ 84
5 5 0 [13, 15, 27, 3] ; 16800538 ; 0.8518518805503845 ; 0.7777777777777778 ; 980762 ;  2 _ 86
5 5 0 [13, 17, 13, 3] ; 17640526 ; 0.8888888955116272 ; 0.7777777777777778 ; 810779 ;  2 _ 72
5 5 0 [13, 17, 15, 3] ; 23016210 ; 0.8148148059844971 ; 0.8888888888888888 ; 1006487 ;  9 _ 36
5 5 0 [13, 17, 17, 3] ; 8865142 ; 0.7037037014961243 ; 0.8888888888888888 ; 886138 ;  2 _ 78
5 5 0 [13, 17, 19, 3] ; 14370293 ; 0.8148148059844971 ; 0.8518518518518519 ; 894474 ;  2 _ 81
5 5 0 [13, 17, 21, 3] ; 17809333 ; 0.9259259104728699 ; 0.7777777777777778 ; 9509385 ;  3 _ 69
5 5 0 [13, 17, 23, 3] ; 11014247 ; 0.9259259104728699 ; 0.8888888888888888 ; 1009309 ;  7 _ 47
5 5 0 [13, 17, 25, 3] ; 9475998 ; 0.7777777910232544 ; 0.7777777777777778 ; 6784112 ;  3 _ 73
5 5 0 [13, 17, 27, 3] ; 22214958 ; 0.8518518805503845 ; 0.8518518518518519 ; 1442984 ;  2 _ 92
5 5 0 [13, 19, 13, 3] ; 15802020 ; 0.8518518805503845 ; 0.8148148148148148 ; 1019297 ;  2 _ 76
5 5 0 [13, 19, 15, 3] ; 19499238 ; 1.0 ; 0.8888888888888888 ; 1051244 ;  8 _ 41
5 5 0 [13, 19, 17, 3] ; 16635994 ; 0.8888888955116272 ; 0.8148148148148148 ; 10158886 ;  3 _ 68
5 5 0 [13, 19, 19, 3] ; 12433636 ; 0.8518518805503845 ; 0.7777777777777778 ; 1198352 ;  2 _ 85
5 5 0 [13, 19, 21, 3] ; 13059699 ; 0.8518518805503845 ; 0.8148148148148148 ; 1387491 ;  2 _ 88
5 5 0 [13, 19, 23, 3] ; 9905031 ; 0.7777777910232544 ; 0.7407407407407407 ; 1059395 ;  6 _ 54
5 5 0 [13, 19, 25, 3] ; 8521594 ; 0.7777777910232544 ; 0.9259259259259259 ; 10828147 ;  2 _ 94
5 5 0 [13, 19, 27, 3] ; 17291953 ; 0.9259259104728699 ; 0.7777777777777778 ; 1210982 ;  7 _ 53
5 5 0 [13, 21, 13, 3] ; 18555286 ; 0.7777777910232544 ; 0.8888888888888888 ; 920992 ;  2 _ 80
5 5 0 [13, 21, 15, 3] ; 13411778 ; 0.8518518805503845 ; 0.8148148148148148 ; 1170830 ;  12 _ 35
5 5 0 [13, 21, 17, 3] ; 15549612 ; 0.8888888955116272 ; 0.8148148148148148 ; 922920 ;  2 _ 86
5 5 0 [13, 21, 19, 3] ; 27237157 ; 0.8888888955116272 ; 0.8148148148148148 ; 1644845 ;  2 _ 90
5 5 0 [13, 21, 21, 3] ; 21993601 ; 0.8148148059844971 ; 0.7777777777777778 ; 1269332 ;  9 _ 45
5 5 0 [13, 21, 23, 3] ; 12590897 ; 0.8148148059844971 ; 0.8518518518518519 ; 6685028 ;  2 _ 95
5 5 0 [13, 21, 25, 3] ; 11671047 ; 0.7777777910232544 ; 0.7777777777777778 ; 16888142 ;  3 _ 81
5 5 0 [13, 21, 27, 3] ; 8811165 ; 0.7777777910232544 ; 0.7777777777777778 ; 11163679 ;  2 _ 101
9 2 0 [13, 9, 3] ; 5808410 ; 0.8888888955116272 ; 0.7777777777777778 ; 440565 ;  4 _ 24
9 2 0 [13, 11, 3] ; 2282751 ; 0.9629629850387573 ; 0.8518518518518519 ; 460199 ;  7 _ 21
9 2 0 [13, 13, 3] ; 5980475 ; 0.7037037014961243 ; 0.8888888888888888 ; 330528 ;  2 _ 41
9 2 0 [13, 15, 3] ; 3103132 ; 0.9259259104728699 ; 0.7777777777777778 ; 270390 ;  2 _ 44
9 2 0 [13, 17, 3] ; 3666639 ; 0.9629629850387573 ; 0.8148148148148148 ; 390739 ;  2 _ 47
9 2 0 [13, 19, 3] ; 2700519 ; 0.9629629850387573 ; 0.7777777777777778 ; 697614 ;  3 _ 41
9 2 0 [13, 21, 3] ; 15077266 ; 0.8148148059844971 ; 0.8148148148148148 ; 764389 ;  3 _ 43
9 2 0 [13, 23, 3] ; 15321121 ; 0.9259259104728699 ; 0.8148148148148148 ; 414862 ;  2 _ 55
9 2 0 [13, 25, 3] ; 11653837 ; 0.8148148059844971 ; 0.8518518518518519 ; 456279 ;  2 _ 58
9 2 0 [13, 27, 3] ; 8777657 ; 0.7037037014961243 ; 0.7777777777777778 ; 496023 ;  8 _ 31
9 2 0 [13, 13, 13, 3] ; 5876809 ; 0.7777777910232544 ; 0.7777777777777778 ; 712449 ;  3 _ 46
9 2 0 [13, 13, 15, 3] ; 5356665 ; 0.7407407164573669 ; 0.8518518518518519 ; 385330 ;  2 _ 58
9 2 0 [13, 13, 17, 3] ; 12760787 ; 0.8518518805503845 ; 0.8518518518518519 ; 798908 ;  3 _ 50
9 2 0 [13, 13, 19, 3] ; 5494606 ; 0.7777777910232544 ; 0.8518518518518519 ; 440497 ;  5 _ 41
9 2 0 [13, 13, 21, 3] ; 7527643 ; 0.7777777910232544 ; 0.8148148148148148 ; 797686 ;  2 _ 65
9 2 0 [13, 13, 23, 3] ; 8015671 ; 0.8518518805503845 ; 0.8888888888888888 ; 1235021 ;  2 _ 67
9 2 0 [13, 13, 25, 3] ; 11524235 ; 0.7777777910232544 ; 0.8518518518518519 ; 1474253 ;  3 _ 57
9 2 0 [13, 13, 27, 3] ; 6510168 ; 0.7777777910232544 ; 0.8148148148148148 ; 907679 ;  12 _ 30
9 2 0 [13, 15, 13, 3] ; 6547497 ; 0.7777777910232544 ; 0.8148148148148148 ; 938918 ;  3 _ 49
9 2 0 [13, 15, 15, 3] ; 5392755 ; 0.7777777910232544 ; 0.8148148148148148 ; 791044 ;  3 _ 52
9 2 0 [13, 15, 17, 3] ; 7389548 ; 0.7777777910232544 ; 0.7777777777777778 ; 1665066 ;  4 _ 47
9 2 0 [13, 15, 19, 3] ; 5991311 ; 0.7777777910232544 ; 0.7777777777777778 ; 392951 ;  4 _ 49
9 2 0 [13, 15, 21, 3] ; 7421836 ; 0.7777777910232544 ; 0.8148148148148148 ; 913410 ;  2 _ 70
9 2 0 [13, 15, 23, 3] ; 6830527 ; 0.7407407164573669 ; 0.8518518518518519 ; 922463 ;  9 _ 35
9 2 0 [13, 15, 25, 3] ; 11214226 ; 0.8518518805503845 ; 0.8148148148148148 ; 868855 ;  2 _ 74
9 2 0 [13, 15, 27, 3] ; 9611110 ; 0.8148148059844971 ; 0.7777777777777778 ; 1341001 ;  2 _ 76
9 2 0 [13, 17, 13, 3] ; 8082532 ; 0.7777777910232544 ; 0.8518518518518519 ; 1966185 ;  2 _ 64
9 2 0 [13, 17, 15, 3] ; 13868916 ; 0.9259259104728699 ; 0.7777777777777778 ; 1714782 ;  3 _ 55
9 2 0 [13, 17, 17, 3] ; 10767774 ; 0.8148148059844971 ; 0.7407407407407407 ; 833291 ;  2 _ 69
9 2 0 [13, 17, 19, 3] ; 8968275 ; 0.8148148059844971 ; 0.8518518518518519 ; 1124371 ;  2 _ 72
9 2 0 [13, 17, 21, 3] ; 7114429 ; 0.7777777910232544 ; 0.8148148148148148 ; 2391250 ;  2 _ 74
9 2 0 [13, 17, 23, 3] ; 7217995 ; 0.7777777910232544 ; 0.8518518518518519 ; 1449681 ;  2 _ 76
9 2 0 [13, 17, 25, 3] ; 9575636 ; 0.8148148059844971 ; 0.8148148148148148 ; 933595 ;  2 _ 79
9 2 0 [13, 17, 27, 3] ; 6555399 ; 0.7777777910232544 ; 0.8518518518518519 ; 845819 ;  4 _ 58
9 2 0 [13, 19, 13, 3] ; 13088694 ; 0.8148148059844971 ; 0.8148148148148148 ; 1008652 ;  2 _ 67
9 2 0 [13, 19, 15, 3] ; 7984488 ; 0.7777777910232544 ; 0.8148148148148148 ; 1472764 ;  2 _ 70
9 2 0 [13, 19, 17, 3] ; 13371393 ; 0.8518518805503845 ; 0.8518518518518519 ; 863829 ;  2 _ 73
9 2 0 [13, 19, 19, 3] ; 6909477 ; 0.8888888955116272 ; 0.8888888888888888 ; 939836 ;  2 _ 75
9 2 0 [13, 19, 21, 3] ; 8920602 ; 0.7777777910232544 ; 0.7777777777777778 ; 3289051 ;  3 _ 64
9 2 0 [13, 19, 23, 3] ; 7646927 ; 0.7777777910232544 ; 0.8148148148148148 ; 1895871 ;  3 _ 66
9 2 0 [13, 19, 25, 3] ; 9809352 ; 0.7407407164573669 ; 0.8888888888888888 ; 933042 ;  2 _ 83
9 2 0 [13, 19, 27, 3] ; 7592619 ; 0.7777777910232544 ; 0.8148148148148148 ; 976435 ;  2 _ 85
9 2 0 [13, 21, 13, 3] ; 5833764 ; 0.7407407164573669 ; 0.8518518518518519 ; 861019 ;  2 _ 71
9 2 0 [13, 21, 15, 3] ; 6760084 ; 0.7777777910232544 ; 0.8518518518518519 ; 893728 ;  2 _ 74
9 2 0 [13, 21, 17, 3] ; 8653817 ; 0.8148148059844971 ; 0.7777777777777778 ; 3428625 ;  3 _ 63
9 2 0 [13, 21, 19, 3] ; 8562481 ; 0.7407407164573669 ; 0.8518518518518519 ; 1381791 ;  2 _ 79
9 2 0 [13, 21, 21, 3] ; 7167262 ; 0.7407407164573669 ; 0.7777777777777778 ; 939135 ;  6 _ 48
9 2 0 [13, 21, 23, 3] ; 13598806 ; 0.8148148059844971 ; 0.8518518518518519 ; 1411353 ;  2 _ 85
9 2 0 [13, 21, 25, 3] ; 7094815 ; 0.48148149251937866 ; 0.8518518518518519 ; 2651969 ;  2 _ 87
9 2 0 [13, 21, 27, 3] ; 7970621 ; 0.7777777910232544 ; 0.8888888888888888 ; 1830670 ;  2 _ 90
9 3 0 [13, 9, 3] ; 4806325 ; 1.0 ; 0.8888888888888888 ; 328500 ;  2 _ 36
9 3 0 [13, 11, 3] ; 2523508 ; 0.9629629850387573 ; 0.7777777777777778 ; 302293 ;  2 _ 40
9 3 0 [13, 13, 3] ; 3357019 ; 0.9629629850387573 ; 0.9259259259259259 ; 364209 ;  2 _ 44
9 3 0 [13, 15, 3] ; 12654355 ; 0.8518518805503845 ; 0.8888888888888888 ; 484497 ;  5 _ 31
9 3 0 [13, 17, 3] ; 6483306 ; 0.9259259104728699 ; 0.9259259259259259 ; 307513 ;  2 _ 51
9 3 0 [13, 19, 3] ; 8037914 ; 0.8888888955116272 ; 0.8148148148148148 ; 795404 ;  3 _ 45
9 3 0 [13, 21, 3] ; 8129597 ; 0.7407407164573669 ; 0.7777777777777778 ; 1171918 ;  4 _ 41
9 3 0 [13, 23, 3] ; 7922413 ; 0.8888888955116272 ; 0.7407407407407407 ; 445425 ;  2 _ 60
9 3 0 [13, 25, 3] ; 11594347 ; 0.9259259104728699 ; 0.8148148148148148 ; 1012110 ;  3 _ 52
9 3 0 [13, 27, 3] ; 7299764 ; 0.7777777910232544 ; 0.8518518518518519 ; 1759639 ;  2 _ 65
9 3 0 [13, 13, 13, 3] ; 5958246 ; 0.7777777910232544 ; 0.8148148148148148 ; 723909 ;  6 _ 36
9 3 0 [13, 13, 15, 3] ; 6042428 ; 0.7777777910232544 ; 0.8518518518518519 ; 427991 ;  5 _ 41
9 3 0 [13, 13, 17, 3] ; 13968348 ; 0.8148148059844971 ; 0.7407407407407407 ; 566254 ;  4 _ 47
9 3 0 [13, 13, 19, 3] ; 9625803 ; 0.8518518805503845 ; 0.8888888888888888 ; 2770925 ;  2 _ 68
9 3 0 [13, 13, 21, 3] ; 8218786 ; 0.7777777910232544 ; 0.7777777777777778 ; 2698457 ;  3 _ 58
9 3 0 [13, 13, 23, 3] ; 11223313 ; 0.7777777910232544 ; 0.7777777777777778 ; 1059291 ;  2 _ 73
9 3 0 [13, 13, 25, 3] ; 9608782 ; 0.7407407164573669 ; 0.8888888888888888 ; 945347 ;  2 _ 75
9 3 0 [13, 13, 27, 3] ; 14761165 ; 0.8888888955116272 ; 0.9259259259259259 ; 1664027 ;  2 _ 77
9 3 0 [13, 15, 13, 3] ; 6983185 ; 0.7777777910232544 ; 0.8518518518518519 ; 2395495 ;  2 _ 65
9 3 0 [13, 15, 15, 3] ; 15524247 ; 0.8888888955116272 ; 0.8148148148148148 ; 1447514 ;  3 _ 56
9 3 0 [13, 15, 17, 3] ; 15318940 ; 0.8518518805503845 ; 0.7407407407407407 ; 1390431 ;  2 _ 70
9 3 0 [13, 15, 19, 3] ; 16120330 ; 0.9259259104728699 ; 0.8518518518518519 ; 1006847 ;  2 _ 73
9 3 0 [13, 15, 21, 3] ; 7913893 ; 0.7777777910232544 ; 0.8888888888888888 ; 1005949 ;  2 _ 75
9 3 0 [13, 15, 23, 3] ; 7067611 ; 0.7777777910232544 ; 0.8888888888888888 ; 1504485 ;  2 _ 78
9 3 0 [13, 15, 25, 3] ; 12279309 ; 0.8518518805503845 ; 0.8888888888888888 ; 1705751 ;  3 _ 66
9 3 0 [13, 15, 27, 3] ; 13125961 ; 0.9259259104728699 ; 0.8148148148148148 ; 1567908 ;  2 _ 83
9 3 0 [13, 17, 13, 3] ; 9287824 ; 0.7777777910232544 ; 0.8148148148148148 ; 2619040 ;  4 _ 49
9 3 0 [13, 17, 15, 3] ; 9949205 ; 0.8148148059844971 ; 0.9259259259259259 ; 1606636 ;  2 _ 72
9 3 0 [13, 17, 17, 3] ; 13712233 ; 0.8148148059844971 ; 0.8888888888888888 ; 923926 ;  2 _ 75
9 3 0 [13, 17, 19, 3] ; 7907001 ; 0.7777777910232544 ; 0.8148148148148148 ; 960482 ;  2 _ 77
9 3 0 [13, 17, 21, 3] ; 12206424 ; 0.8148148059844971 ; 0.8888888888888888 ; 1728125 ;  3 _ 66
9 3 0 [13, 17, 23, 3] ; 9371301 ; 0.7777777910232544 ; 0.7777777777777778 ; 3209679 ;  2 _ 83
9 3 0 [13, 17, 25, 3] ; 11371659 ; 0.8148148059844971 ; 0.7777777777777778 ; 1645660 ;  2 _ 85
9 3 0 [13, 17, 27, 3] ; 16225561 ; 0.8148148059844971 ; 0.7777777777777778 ; 1008529 ;  2 _ 87
9 3 0 [13, 19, 13, 3] ; 8568031 ; 0.7777777910232544 ; 0.8888888888888888 ; 2346365 ;  4 _ 52
9 3 0 [13, 19, 15, 3] ; 10387580 ; 0.8148148059844971 ; 0.7777777777777778 ; 2158655 ;  2 _ 76
9 3 0 [13, 19, 17, 3] ; 10455976 ; 0.7777777910232544 ; 0.8148148148148148 ; 944003 ;  2 _ 79
9 3 0 [13, 19, 19, 3] ; 14661120 ; 0.8518518805503845 ; 0.8888888888888888 ; 2038729 ;  2 _ 82
9 3 0 [13, 19, 21, 3] ; 10576917 ; 0.8148148059844971 ; 0.9259259259259259 ; 1020779 ;  2 _ 84
9 3 0 [13, 19, 23, 3] ; 8813739 ; 0.7777777910232544 ; 0.8518518518518519 ; 1116804 ;  2 _ 87
9 3 0 [13, 19, 25, 3] ; 17415276 ; 0.8518518805503845 ; 0.8888888888888888 ; 1022807 ;  2 _ 90
9 3 0 [13, 19, 27, 3] ; 16467575 ; 0.8518518805503845 ; 0.8148148148148148 ; 1070032 ;  2 _ 92
9 3 0 [13, 21, 13, 3] ; 14778869 ; 0.8518518805503845 ; 0.8148148148148148 ; 964518 ;  2 _ 76
9 3 0 [13, 21, 15, 3] ; 13973611 ; 0.8518518805503845 ; 0.7777777777777778 ; 1645677 ;  2 _ 79
9 3 0 [13, 21, 17, 3] ; 8368898 ; 0.7777777910232544 ; 0.8148148148148148 ; 977459 ;  2 _ 83
9 3 0 [13, 21, 19, 3] ; 13682701 ; 0.8518518805503845 ; 0.8148148148148148 ; 1012038 ;  2 _ 86
9 3 0 [13, 21, 21, 3] ; 8750650 ; 0.7407407164573669 ; 0.8518518518518519 ; 1297349 ;  2 _ 88
9 3 0 [13, 21, 23, 3] ; 16265887 ; 0.8888888955116272 ; 0.7777777777777778 ; 7880979 ;  4 _ 65
9 3 0 [13, 21, 25, 3] ; 8884215 ; 0.7777777910232544 ; 0.9259259259259259 ; 8374723 ;  2 _ 94
9 3 0 [13, 21, 27, 3] ; 17609397 ; 0.8888888955116272 ; 0.8518518518518519 ; 15263852 ;  3 _ 80
9 4 0 [13, 9, 3] ; 7459997 ; 0.8888888955116272 ; 0.8888888888888888 ; 651681 ;  8 _ 20
9 4 0 [13, 11, 3] ; 8720156 ; 0.9259259104728699 ; 0.8888888888888888 ; 279525 ;  2 _ 43
9 4 0 [13, 13, 3] ; 2730343 ; 0.9259259104728699 ; 0.8518518518518519 ; 735777 ;  3 _ 39
9 4 0 [13, 15, 3] ; 5702237 ; 0.8888888955116272 ; 0.7777777777777778 ; 269877 ;  2 _ 51
9 4 0 [13, 17, 3] ; 11854109 ; 0.9629629850387573 ; 0.8518518518518519 ; 716006 ;  9 _ 27
9 4 0 [13, 19, 3] ; 6379884 ; 0.7777777910232544 ; 0.8148148148148148 ; 662008 ;  9 _ 28
9 4 0 [13, 21, 3] ; 8299871 ; 0.8888888955116272 ; 0.8148148148148148 ; 665870 ;  5 _ 39
9 4 0 [13, 23, 3] ; 9396124 ; 0.8888888955116272 ; 0.8148148148148148 ; 1317608 ;  2 _ 64
9 4 0 [13, 25, 3] ; 8745137 ; 0.8518518805503845 ; 0.8148148148148148 ; 3283336 ;  2 _ 67
9 4 0 [13, 27, 3] ; 9167513 ; 0.8888888955116272 ; 0.8148148148148148 ; 2781654 ;  4 _ 50
9 4 0 [13, 13, 13, 3] ; 7321552 ; 0.7407407164573669 ; 0.8518518518518519 ; 1290202 ;  2 _ 65
9 4 0 [13, 13, 15, 3] ; 8248738 ; 0.8148148059844971 ; 0.7777777777777778 ; 2001753 ;  2 _ 68
9 4 0 [13, 13, 17, 3] ; 10913723 ; 0.8148148059844971 ; 0.7777777777777778 ; 454394 ;  4 _ 51
9 4 0 [13, 13, 19, 3] ; 8215482 ; 0.7777777910232544 ; 0.8518518518518519 ; 2313271 ;  2 _ 73
9 4 0 [13, 13, 21, 3] ; 10942660 ; 0.7777777910232544 ; 0.7777777777777778 ; 1442132 ;  3 _ 62
9 4 0 [13, 13, 23, 3] ; 12297220 ; 0.8148148059844971 ; 0.8148148148148148 ; 976077 ;  2 _ 78
9 4 0 [13, 13, 25, 3] ; 10941224 ; 0.8148148059844971 ; 0.7407407407407407 ; 1488569 ;  2 _ 80
9 4 0 [13, 13, 27, 3] ; 10529543 ; 0.7777777910232544 ; 0.7777777777777778 ; 870035 ;  4 _ 59
9 4 0 [13, 15, 13, 3] ; 10474690 ; 0.8518518805503845 ; 0.8518518518518519 ; 1363316 ;  2 _ 69
9 4 0 [13, 15, 15, 3] ; 17848306 ; 0.8518518805503845 ; 0.8148148148148148 ; 737885 ;  6 _ 43
9 4 0 [13, 15, 17, 3] ; 9022383 ; 0.8518518805503845 ; 0.8888888888888888 ; 3004483 ;  2 _ 75
9 4 0 [13, 15, 19, 3] ; 22521341 ; 0.9629629850387573 ; 0.7777777777777778 ; 3247395 ;  3 _ 64
9 4 0 [13, 15, 21, 3] ; 10464019 ; 0.8148148059844971 ; 0.8148148148148148 ; 1052839 ;  2 _ 81
9 4 0 [13, 15, 23, 3] ; 16156760 ; 0.8148148059844971 ; 0.7777777777777778 ; 8356725 ;  3 _ 69
9 4 0 [13, 15, 25, 3] ; 9377344 ; 0.7777777910232544 ; 0.7777777777777778 ; 1366379 ;  2 _ 86
9 4 0 [13, 15, 27, 3] ; 13007627 ; 0.7777777910232544 ; 0.8148148148148148 ; 1110811 ;  2 _ 88
9 4 0 [13, 17, 13, 3] ; 13915673 ; 0.8518518805503845 ; 0.9259259259259259 ; 948056 ;  2 _ 74
9 4 0 [13, 17, 15, 3] ; 12389317 ; 0.8148148059844971 ; 0.7777777777777778 ; 1583151 ;  2 _ 77
9 4 0 [13, 17, 17, 3] ; 8969900 ; 0.7777777910232544 ; 0.8888888888888888 ; 1433451 ;  2 _ 80
9 4 0 [13, 17, 19, 3] ; 20131936 ; 0.9259259104728699 ; 0.7777777777777778 ; 8376205 ;  4 _ 59
9 4 0 [13, 17, 21, 3] ; 17417702 ; 0.8888888955116272 ; 0.7777777777777778 ; 4399035 ;  11 _ 37
9 4 0 [13, 17, 23, 3] ; 17694974 ; 0.7777777910232544 ; 0.7777777777777778 ; 1054871 ;  2 _ 88
9 4 0 [13, 17, 25, 3] ; 10887530 ; 0.7777777910232544 ; 0.7407407407407407 ; 1123572 ;  2 _ 91
9 4 0 [13, 17, 27, 3] ; 12881435 ; 0.8148148059844971 ; 0.7777777777777778 ; 16463696 ;  3 _ 77
9 4 0 [13, 19, 13, 3] ; 15466414 ; 0.8888888955116272 ; 0.8148148148148148 ; 1459975 ;  3 _ 64
9 4 0 [13, 19, 15, 3] ; 7517476 ; 0.7777777910232544 ; 0.8518518518518519 ; 886464 ;  4 _ 58
9 4 0 [13, 19, 17, 3] ; 9291404 ; 0.7407407164573669 ; 0.7777777777777778 ; 1497644 ;  5 _ 54
9 4 0 [13, 19, 19, 3] ; 9780974 ; 0.7777777910232544 ; 0.8518518518518519 ; 1152404 ;  2 _ 87
9 4 0 [13, 19, 21, 3] ; 10554684 ; 0.8148148059844971 ; 0.8888888888888888 ; 1103852 ;  2 _ 90
9 4 0 [13, 19, 23, 3] ; 8283866 ; 0.7777777910232544 ; 0.8888888888888888 ; 9260552 ;  2 _ 93
9 4 0 [13, 19, 25, 3] ; 9320116 ; 0.7407407164573669 ; 0.8888888888888888 ; 3651681 ;  5 _ 62
9 4 0 [13, 19, 27, 3] ; 9682474 ; 0.7777777910232544 ; 0.8148148148148148 ; 1129813 ;  6 _ 58
9 4 0 [13, 21, 13, 3] ; 12440257 ; 0.8888888955116272 ; 0.8148148148148148 ; 1681356 ;  2 _ 81
9 4 0 [13, 21, 15, 3] ; 20809424 ; 0.8148148059844971 ; 0.7777777777777778 ; 1028277 ;  7 _ 46
9 4 0 [13, 21, 17, 3] ; 8993206 ; 0.7407407164573669 ; 0.8518518518518519 ; 1076539 ;  2 _ 88
9 4 0 [13, 21, 19, 3] ; 15241649 ; 0.7777777910232544 ; 0.8518518518518519 ; 3626334 ;  2 _ 91
9 4 0 [13, 21, 21, 3] ; 12758676 ; 0.8518518805503845 ; 0.8518518518518519 ; 8474375 ;  2 _ 95
9 4 0 [13, 21, 23, 3] ; 20583086 ; 0.7777777910232544 ; 0.8148148148148148 ; 1176271 ;  7 _ 53
9 4 0 [13, 21, 25, 3] ; 11834572 ; 0.7777777910232544 ; 0.8148148148148148 ; 9284406 ;  2 _ 100
9 4 0 [13, 21, 27, 3] ; 9622912 ; 0.7777777910232544 ; 0.8148148148148148 ; 9145349 ;  2 _ 103
9 5 0 [13, 9, 3] ; 5425528 ; 0.8888888955116272 ; 0.8148148148148148 ; 416862 ;  5 _ 27
9 5 0 [13, 11, 3] ; 10981026 ; 0.8888888955116272 ; 0.8888888888888888 ; 269655 ;  2 _ 46
9 5 0 [13, 13, 3] ; 10610943 ; 0.8148148059844971 ; 0.8148148148148148 ; 427396 ;  4 _ 36
9 5 0 [13, 15, 3] ; 7602289 ; 0.8888888955116272 ; 0.8518518518518519 ; 336773 ;  2 _ 54
9 5 0 [13, 17, 3] ; 13719439 ; 0.8518518805503845 ; 0.8148148148148148 ; 557855 ;  5 _ 37
9 5 0 [13, 19, 3] ; 12266538 ; 0.8888888955116272 ; 0.8148148148148148 ; 410636 ;  2 _ 61
9 5 0 [13, 21, 3] ; 8994636 ; 0.7777777910232544 ; 0.8518518518518519 ; 1273432 ;  2 _ 65
9 5 0 [13, 23, 3] ; 9859601 ; 0.8148148059844971 ; 0.8888888888888888 ; 2799544 ;  2 _ 68
9 5 0 [13, 25, 3] ; 10053113 ; 0.8518518805503845 ; 0.7777777777777778 ; 1982553 ;  2 _ 71
9 5 0 [13, 27, 3] ; 14838362 ; 0.9259259104728699 ; 0.9259259259259259 ; 3977592 ;  2 _ 74
9 5 0 [13, 13, 13, 3] ; 8277979 ; 0.7037037014961243 ; 0.8148148148148148 ; 1470794 ;  2 _ 69
9 5 0 [13, 13, 15, 3] ; 8112350 ; 0.7407407164573669 ; 0.7777777777777778 ; 921891 ;  11 _ 32
9 5 0 [13, 13, 17, 3] ; 9386479 ; 0.7777777910232544 ; 0.8888888888888888 ; 1669074 ;  2 _ 75
9 5 0 [13, 13, 19, 3] ; 9736347 ; 0.7407407164573669 ; 0.7777777777777778 ; 1096154 ;  10 _ 36
9 5 0 [13, 13, 21, 3] ; 11172748 ; 0.7777777910232544 ; 0.8148148148148148 ; 1123678 ;  4 _ 57
9 5 0 [13, 13, 23, 3] ; 16126317 ; 0.8518518805503845 ; 0.8148148148148148 ; 1108306 ;  2 _ 83
9 5 0 [13, 13, 25, 3] ; 10695562 ; 0.7777777910232544 ; 0.8148148148148148 ; 2175452 ;  2 _ 85
9 5 0 [13, 13, 27, 3] ; 9646899 ; 0.7777777910232544 ; 0.8518518518518519 ; 1667610 ;  2 _ 88
9 5 0 [13, 15, 13, 3] ; 8197716 ; 0.7777777910232544 ; 0.8518518518518519 ; 1658144 ;  2 _ 73
9 5 0 [13, 15, 15, 3] ; 11640738 ; 0.7777777910232544 ; 0.7777777777777778 ; 1352869 ;  2 _ 77
9 5 0 [13, 15, 17, 3] ; 8455539 ; 0.7407407164573669 ; 0.8888888888888888 ; 1078160 ;  2 _ 80
9 5 0 [13, 15, 19, 3] ; 9873091 ; 0.7777777910232544 ; 0.8148148148148148 ; 1059286 ;  2 _ 83
9 5 0 [13, 15, 21, 3] ; 12640654 ; 0.7777777910232544 ; 0.7407407407407407 ; 1143986 ;  2 _ 86
9 5 0 [13, 15, 23, 3] ; 10147736 ; 0.7777777910232544 ; 0.8518518518518519 ; 1127477 ;  2 _ 88
9 5 0 [13, 15, 25, 3] ; 24598529 ; 0.9259259104728699 ; 0.7777777777777778 ; 1194077 ;  2 _ 91
9 5 0 [13, 15, 27, 3] ; 9184160 ; 0.7777777910232544 ; 0.9259259259259259 ; 8949120 ;  2 _ 94
9 5 0 [13, 17, 13, 3] ; 8529669 ; 0.7777777910232544 ; 0.8888888888888888 ; 3780123 ;  2 _ 78
9 5 0 [13, 17, 15, 3] ; 9824978 ; 0.7407407164573669 ; 0.8518518518518519 ; 884049 ;  4 _ 58
9 5 0 [13, 17, 17, 3] ; 10859470 ; 0.8518518805503845 ; 0.8518518518518519 ; 729995 ;  4 _ 61
9 5 0 [13, 17, 19, 3] ; 12231373 ; 0.8148148059844971 ; 0.8148148148148148 ; 2001784 ;  2 _ 88
9 5 0 [13, 17, 21, 3] ; 12598732 ; 0.8518518805503845 ; 0.7407407407407407 ; 1382961 ;  2 _ 91
9 5 0 [13, 17, 23, 3] ; 25057563 ; 0.7777777910232544 ; 0.8148148148148148 ; 8667259 ;  2 _ 94
9 5 0 [13, 17, 25, 3] ; 16206260 ; 0.7777777910232544 ; 0.8518518518518519 ; 6362365 ;  2 _ 96
9 5 0 [13, 17, 27, 3] ; 20289563 ; 0.8518518805503845 ; 0.8888888888888888 ; 9157023 ;  2 _ 99
9 5 0 [13, 19, 13, 3] ; 9915557 ; 0.7037037014961243 ; 0.7777777777777778 ; 3588613 ;  5 _ 53
9 5 0 [13, 19, 15, 3] ; 10108191 ; 0.7407407164573669 ; 0.7777777777777778 ; 1097745 ;  2 _ 86
9 5 0 [13, 19, 17, 3] ; 11402917 ; 0.8148148059844971 ; 0.7777777777777778 ; 6591570 ;  3 _ 73
9 5 0 [13, 19, 19, 3] ; 10667978 ; 0.7037037014961243 ; 0.7777777777777778 ; 1190881 ;  2 _ 92
9 5 0 [13, 19, 21, 3] ; 13959089 ; 0.8148148059844971 ; 0.8148148148148148 ; 16183446 ;  3 _ 79
9 5 0 [13, 19, 23, 3] ; 9965601 ; 0.7407407164573669 ; 0.8148148148148148 ; 1111005 ;  6 _ 58
9 5 0 [13, 19, 25, 3] ; 11331145 ; 0.7777777910232544 ; 0.8148148148148148 ; 16338482 ;  3 _ 84
9 5 0 [13, 19, 27, 3] ; 15570272 ; 0.7407407164573669 ; 0.8148148148148148 ; 11785150 ;  2 _ 104
9 5 0 [13, 21, 13, 3] ; 16202299 ; 0.8518518805503845 ; 0.8148148148148148 ; 1129703 ;  2 _ 86
9 5 0 [13, 21, 15, 3] ; 9593231 ; 0.7407407164573669 ; 0.7777777777777778 ; 10240887 ;  3 _ 74
9 5 0 [13, 21, 17, 3] ; 9478060 ; 0.7037037014961243 ; 0.9259259259259259 ; 9244361 ;  2 _ 94
9 5 0 [13, 21, 19, 3] ; 12429892 ; 0.8148148059844971 ; 0.7777777777777778 ; 1198543 ;  7 _ 53
9 5 0 [13, 21, 21, 3] ; 11573079 ; 0.7777777910232544 ; 0.8148148148148148 ; 8957189 ;  5 _ 64
9 5 0 [13, 21, 23, 3] ; 31467377 ; 0.8518518805503845 ; 0.8148148148148148 ; 6651486 ;  2 _ 103
9 5 0 [13, 21, 25, 3] ; 9616314 ; 0.7407407164573669 ; 0.8148148148148148 ; 13562946 ;  3 _ 88
